********************************************************************************
STREME - Sensitive, Thorough, Rapid, Enriched Motif Elicitation
********************************************************************************
MEME version 5.5.7 (Release date: Wed Jun 19 13:59:04 2024 -0700)

For further information on how to interpret these results please access https://meme-suite.org/meme.
To get a copy of the MEME Suite software please access https://meme-suite.org.

********************************************************************************


********************************************************************************
REFERENCE
********************************************************************************
If you use this program in your research, please cite:

Timothy L. Bailey,
"STREME: accurate and versatile sequence motif discovery",
Bioinformatics, Mar. 24, 2021.
********************************************************************************


ALPHABET= ACGT

strands: + -

Background letter frequencies
A 0.289 C 0.211 G 0.211 T 0.289 

MOTIF 1-ACGYGGACASTAYKS STREME-1
letter-probability matrix: alength= 4 w= 15 nsites= 2 S= 1.3e-009
 0.996545 0.001027 0.001027 0.001402
 0.001402 0.996170 0.001027 0.001402
 0.001402 0.001027 0.996170 0.001402
 0.001402 0.498598 0.001027 0.498973
 0.001402 0.001027 0.996170 0.001402
 0.001402 0.001027 0.996170 0.001402
 0.996545 0.001027 0.001027 0.001402
 0.001402 0.996170 0.001027 0.001402
 0.996545 0.001027 0.001027 0.001402
 0.001402 0.498598 0.498598 0.001402
 0.001402 0.001027 0.001027 0.996545
 0.996545 0.001027 0.001027 0.001402
 0.001402 0.498598 0.001027 0.498973
 0.001402 0.001027 0.498598 0.498973
 0.001402 0.498598 0.498598 0.001402

MOTIF 2-ACGAAKTATH STREME-2
letter-probability matrix: alength= 4 w= 10 nsites= 3 S= 2.3e-007
 0.995892 0.001221 0.001221 0.001667
 0.001667 0.995446 0.001221 0.001667
 0.001667 0.001221 0.995446 0.001667
 0.995892 0.001221 0.001221 0.001667
 0.995892 0.001221 0.001221 0.001667
 0.001667 0.001221 0.342868 0.654245
 0.001667 0.001221 0.001221 0.995892
 0.995892 0.001221 0.001221 0.001667
 0.001667 0.001221 0.001221 0.995892
 0.316980 0.342868 0.001221 0.338931

MOTIF 3-ATACCCCAAGM STREME-3
letter-probability matrix: alength= 4 w= 11 nsites= 2 S= 1.4e-006
 0.995121 0.001450 0.001450 0.001979
 0.001979 0.001450 0.001450 0.995121
 0.995121 0.001450 0.001450 0.001979
 0.001979 0.994592 0.001450 0.001979
 0.001979 0.994592 0.001450 0.001979
 0.001979 0.994592 0.001450 0.001979
 0.001979 0.994592 0.001450 0.001979
 0.995121 0.001450 0.001450 0.001979
 0.995121 0.001450 0.001450 0.001979
 0.001979 0.001450 0.994592 0.001979
 0.456974 0.539597 0.001450 0.001979

MOTIF 4-TAATTTAAA STREME-4
letter-probability matrix: alength= 4 w= 9 nsites= 4 S= 3.1e-006
 0.001885 0.001381 0.001381 0.995354
 0.995354 0.001381 0.001381 0.001885
 0.995354 0.001381 0.001381 0.001885
 0.001885 0.001381 0.001381 0.995354
 0.001885 0.001381 0.001381 0.995354
 0.001885 0.001381 0.001381 0.995354
 0.768228 0.001381 0.001381 0.229010
 0.746059 0.001381 0.001381 0.251179
 0.706903 0.289831 0.001381 0.001885

MOTIF 5-ATGGCCGHGAK STREME-5
letter-probability matrix: alength= 4 w= 11 nsites= 3 S= 3.4e-006
 0.996065 0.001169 0.001169 0.001596
 0.001596 0.001169 0.001169 0.996065
 0.001596 0.001169 0.995638 0.001596
 0.001596 0.001169 0.995638 0.001596
 0.001596 0.995638 0.001169 0.001596
 0.292755 0.704480 0.001169 0.001596
 0.001596 0.001169 0.995638 0.001596
 0.292755 0.275250 0.001169 0.430826
 0.001596 0.275250 0.721557 0.001596
 0.704907 0.001169 0.292328 0.001596
 0.001596 0.001169 0.430399 0.566836

MOTIF 6-ATCTCCCSW STREME-6
letter-probability matrix: alength= 4 w= 9 nsites= 3 S= 7.6e-006
 0.696512 0.300081 0.001441 0.001967
 0.001967 0.001441 0.001441 0.995152
 0.001967 0.994626 0.001441 0.001967
 0.001967 0.001441 0.001441 0.995152
 0.001967 0.994626 0.001441 0.001967
 0.001967 0.994626 0.001441 0.001967
 0.001967 0.994626 0.001441 0.001967
 0.001967 0.644603 0.351464 0.001967
 0.645129 0.001441 0.001441 0.351990

MOTIF 7-CGTAKATCCK STREME-7
letter-probability matrix: alength= 4 w= 10 nsites= 2 S= 1.1e-005
 0.002165 0.994084 0.001586 0.002165
 0.002165 0.001586 0.994084 0.002165
 0.002165 0.001586 0.001586 0.994664
 0.994664 0.001586 0.001586 0.002165
 0.002165 0.001586 0.562150 0.434099
 0.994664 0.001586 0.001586 0.002165
 0.002165 0.001586 0.001586 0.994664
 0.002165 0.994084 0.001586 0.002165
 0.002165 0.994084 0.001586 0.002165
 0.002165 0.001586 0.433520 0.562729

MOTIF 8-GGTCGCAAKY STREME-8
letter-probability matrix: alength= 4 w= 10 nsites= 2 S= 1.4e-005
 0.002288 0.001676 0.993747 0.002288
 0.002288 0.001676 0.993747 0.002288
 0.002288 0.001676 0.001676 0.994359
 0.002288 0.993747 0.001676 0.002288
 0.002288 0.001676 0.993747 0.002288
 0.002288 0.993747 0.001676 0.002288
 0.994359 0.001676 0.001676 0.002288
 0.994359 0.001676 0.001676 0.002288
 0.002288 0.001676 0.471811 0.524225
 0.002288 0.523612 0.001676 0.472423

MOTIF 9-CCAAAACAGCACACAGGA STREME-9
letter-probability matrix: alength= 4 w= 18 nsites= 1 S= 3.6e-005
 0.026236 0.928309 0.019218 0.026236
 0.026236 0.928309 0.019218 0.026236
 0.935327 0.019218 0.019218 0.026236
 0.935327 0.019218 0.019218 0.026236
 0.935327 0.019218 0.019218 0.026236
 0.935327 0.019218 0.019218 0.026236
 0.026236 0.928309 0.019218 0.026236
 0.935327 0.019218 0.019218 0.026236
 0.026236 0.019218 0.928309 0.026236
 0.026236 0.928309 0.019218 0.026236
 0.935327 0.019218 0.019218 0.026236
 0.026236 0.928309 0.019218 0.026236
 0.935327 0.019218 0.019218 0.026236
 0.026236 0.928309 0.019218 0.026236
 0.935327 0.019218 0.019218 0.026236
 0.026236 0.019218 0.928309 0.026236
 0.026236 0.019218 0.928309 0.026236
 0.935327 0.019218 0.019218 0.026236

********************************************************************************
Stopped because maximum number of motifs (9) reached.
********************************************************************************
COMMAND:	streme --oc /users/asebe/aelek/proj/scATAC_nvec_v2/Nematostella_scATAC/results/Motifs/streme/muscle_novl//peaks_muscle_tentacle_retractor_ecto/streme --dna --minw 6 --maxw 18 --nmotifs 9 --p /users/asebe/aelek/proj/scATAC_nvec_v2/Nematostella_scATAC/results/Motifs/streme/muscle_novl//peaks_muscle_tentacle_retractor_ecto.fasta --n /users/asebe/aelek/proj/scATAC_nvec_v2/Nematostella_scATAC/results/Motifs/streme/muscle_novl//peaks_muscle_tentacle_retractor_ecto_bg.fasta
********************************************************************************
CPU:		genoa64-01
********************************************************************************
FINALTIME:	2380.85 seconds
********************************************************************************
