********************************************************************************
STREME - Sensitive, Thorough, Rapid, Enriched Motif Elicitation
********************************************************************************
MEME version 5.5.7 (Release date: Wed Jun 19 13:59:04 2024 -0700)

For further information on how to interpret these results please access https://meme-suite.org/meme.
To get a copy of the MEME Suite software please access https://meme-suite.org.

********************************************************************************


********************************************************************************
REFERENCE
********************************************************************************
If you use this program in your research, please cite:

Timothy L. Bailey,
"STREME: accurate and versatile sequence motif discovery",
Bioinformatics, Mar. 24, 2021.
********************************************************************************


ALPHABET= ACGT

strands: + -

Background letter frequencies
A 0.289 C 0.211 G 0.211 T 0.289 

MOTIF 1-CTAAGAATAAC STREME-1
letter-probability matrix: alength= 4 w= 11 nsites= 11 E= 9.0e+000
 0.000623 0.919126 0.000456 0.079795
 0.000623 0.000456 0.104153 0.894768
 0.998465 0.000456 0.000456 0.000623
 0.891454 0.000456 0.107467 0.000623
 0.044408 0.000456 0.850816 0.104319
 0.804356 0.000456 0.000456 0.194732
 0.894768 0.000456 0.104153 0.000623
 0.000623 0.000456 0.107467 0.891454
 0.909639 0.000456 0.000456 0.089449
 0.998465 0.000456 0.000456 0.000623
 0.161212 0.837709 0.000456 0.000623

MOTIF 2-ATACATTATAGATAAYD STREME-2
letter-probability matrix: alength= 4 w= 17 nsites= 4 E= 9.0e+000
 0.997374 0.000780 0.000780 0.001065
 0.001065 0.000780 0.000780 0.997374
 0.997374 0.000780 0.000780 0.001065
 0.001065 0.748012 0.249858 0.001065
 0.997374 0.000780 0.000780 0.001065
 0.001065 0.000780 0.000780 0.997374
 0.001065 0.000780 0.000780 0.997374
 0.997374 0.000780 0.000780 0.001065
 0.001065 0.000780 0.249858 0.748297
 0.997374 0.000780 0.000780 0.001065
 0.001065 0.000780 0.997089 0.001065
 0.748297 0.000780 0.000780 0.250142
 0.001065 0.000780 0.000780 0.997374
 0.748297 0.000780 0.000780 0.250142
 0.997374 0.000780 0.000780 0.001065
 0.001065 0.498935 0.000780 0.499220
 0.499220 0.000780 0.249858 0.250142

MOTIF 3-AAAATCGCGACTY STREME-3
letter-probability matrix: alength= 4 w= 13 nsites= 5 E= 9.0e+000
 0.735935 0.000819 0.000819 0.262428
 0.997245 0.000819 0.000819 0.001118
 0.997245 0.000819 0.000819 0.001118
 0.997245 0.000819 0.000819 0.001118
 0.001118 0.000819 0.000819 0.997245
 0.001118 0.996946 0.000819 0.001118
 0.001118 0.000819 0.996946 0.001118
 0.001118 0.996946 0.000819 0.001118
 0.262428 0.000819 0.735636 0.001118
 0.997245 0.000819 0.000819 0.001118
 0.001118 0.762458 0.235307 0.001118
 0.001118 0.000819 0.000819 0.997245
 0.001118 0.496617 0.000819 0.501446

MOTIF 4-AATGTCTGGTW STREME-4
letter-probability matrix: alength= 4 w= 11 nsites= 6 E= 9.0e+000
 0.841736 0.156283 0.000838 0.001143
 0.997181 0.000838 0.000838 0.001143
 0.001143 0.000838 0.000838 0.997181
 0.001143 0.000838 0.996876 0.001143
 0.001143 0.000838 0.169967 0.828052
 0.001143 0.996876 0.000838 0.001143
 0.001143 0.000838 0.000838 0.997181
 0.001143 0.000838 0.996876 0.001143
 0.001143 0.000838 0.996876 0.001143
 0.001143 0.163906 0.000838 0.834113
 0.488786 0.000838 0.173391 0.336985

MOTIF 5-AAWGCACTGMGGWTAW STREME-5
letter-probability matrix: alength= 4 w= 16 nsites= 3 E= 9.0e+000
 0.996503 0.001039 0.001039 0.001419
 0.996503 0.001039 0.001039 0.001419
 0.333113 0.001039 0.001039 0.664808
 0.001419 0.001039 0.996123 0.001419
 0.001419 0.996123 0.001039 0.001419
 0.996503 0.001039 0.001039 0.001419
 0.001419 0.996123 0.001039 0.001419
 0.001419 0.001039 0.001039 0.996503
 0.001419 0.001039 0.996123 0.001419
 0.664808 0.332734 0.001039 0.001419
 0.001419 0.001039 0.996123 0.001419
 0.001419 0.001039 0.996123 0.001419
 0.333113 0.001039 0.001039 0.664808
 0.001419 0.001039 0.001039 0.996503
 0.996503 0.001039 0.001039 0.001419
 0.333113 0.001039 0.001039 0.664808

MOTIF 6-AAYCCACTCGTKT STREME-6
letter-probability matrix: alength= 4 w= 13 nsites= 4 E= 9.0e+000
 0.996259 0.001112 0.001112 0.001518
 0.996259 0.001112 0.001112 0.001518
 0.001518 0.355920 0.001112 0.641451
 0.001518 0.995853 0.001112 0.001518
 0.001518 0.995853 0.001112 0.001518
 0.996259 0.001112 0.001112 0.001518
 0.001518 0.995853 0.001112 0.001518
 0.001518 0.001112 0.001112 0.996259
 0.001518 0.995853 0.001112 0.001518
 0.001518 0.001112 0.995853 0.001518
 0.001518 0.001112 0.001112 0.996259
 0.001518 0.001112 0.355920 0.641451
 0.001518 0.001112 0.001112 0.996259

MOTIF 7-CAGGTAGCCCAGGV STREME-7
letter-probability matrix: alength= 4 w= 14 nsites= 6 E= 9.0e+000
 0.001292 0.996469 0.000947 0.001292
 0.694706 0.000947 0.303056 0.001292
 0.001292 0.000947 0.996469 0.001292
 0.001292 0.000947 0.996469 0.001292
 0.001292 0.000947 0.000947 0.996815
 0.996815 0.000947 0.000947 0.001292
 0.001292 0.000947 0.996469 0.001292
 0.001292 0.996469 0.000947 0.001292
 0.001292 0.996469 0.000947 0.001292
 0.001292 0.996469 0.000947 0.001292
 0.996815 0.000947 0.000947 0.001292
 0.001292 0.000947 0.996469 0.001292
 0.303401 0.000947 0.694360 0.001292
 0.241408 0.454244 0.303056 0.001292

MOTIF 8-ACTAATCTC STREME-8
letter-probability matrix: alength= 4 w= 9 nsites= 14 E= 9.0e+000
 0.871914 0.065166 0.062027 0.000893
 0.040246 0.778900 0.060694 0.120160
 0.039512 0.000654 0.000654 0.959180
 0.891931 0.000654 0.000654 0.106761
 0.861070 0.137383 0.000654 0.000893
 0.061591 0.000654 0.000654 0.937101
 0.000893 0.997560 0.000654 0.000893
 0.000893 0.061800 0.000654 0.936653
 0.182434 0.550832 0.000654 0.266081

MOTIF 9-ACCACAAGGT STREME-9
letter-probability matrix: alength= 4 w= 10 nsites= 5 E= 9.0e+000
 0.995576 0.001315 0.001315 0.001795
 0.001795 0.995096 0.001315 0.001795
 0.001795 0.787966 0.001315 0.208925
 0.812444 0.001315 0.184446 0.001795
 0.001795 0.995096 0.001315 0.001795
 0.995576 0.001315 0.001315 0.001795
 0.995576 0.001315 0.001315 0.001795
 0.001795 0.001315 0.995096 0.001795
 0.001795 0.001315 0.995096 0.001795
 0.001795 0.001315 0.001315 0.995576

********************************************************************************
Stopped because maximum number of motifs (9) reached.
********************************************************************************
COMMAND:	streme --oc /users/asebe/aelek/proj/scATAC_nvec_v2/Nematostella_scATAC/results/Motifs/streme/muscle_novl//peaks_muscle_mesentery_retractor_digestive/streme --dna --minw 6 --maxw 18 --nmotifs 9 --p /users/asebe/aelek/proj/scATAC_nvec_v2/Nematostella_scATAC/results/Motifs/streme/muscle_novl//peaks_muscle_mesentery_retractor_digestive.fasta --n /users/asebe/aelek/proj/scATAC_nvec_v2/Nematostella_scATAC/results/Motifs/streme/muscle_novl//peaks_muscle_mesentery_retractor_digestive_bg.fasta
********************************************************************************
CPU:		genoa64-02
********************************************************************************
FINALTIME:	2437.58 seconds
********************************************************************************
