********************************************************************************
STREME - Sensitive, Thorough, Rapid, Enriched Motif Elicitation
********************************************************************************
MEME version 5.5.7 (Release date: Wed Jun 19 13:59:04 2024 -0700)

For further information on how to interpret these results please access https://meme-suite.org/meme.
To get a copy of the MEME Suite software please access https://meme-suite.org.

********************************************************************************


********************************************************************************
REFERENCE
********************************************************************************
If you use this program in your research, please cite:

Timothy L. Bailey,
"STREME: accurate and versatile sequence motif discovery",
Bioinformatics, Mar. 24, 2021.
********************************************************************************


ALPHABET= ACGT

strands: + -

Background letter frequencies
A 0.289 C 0.211 G 0.211 T 0.289 

MOTIF 1-GATAACCTGB STREME-1
letter-probability matrix: alength= 4 w= 10 nsites= 73 E= 3.1e-001
 0.053239 0.069075 0.877445 0.000241
 0.906853 0.047055 0.045851 0.000241
 0.000241 0.048848 0.000176 0.950735
 0.999407 0.000176 0.000176 0.000241
 0.999407 0.000176 0.000176 0.000241
 0.041249 0.697490 0.208721 0.052540
 0.000241 0.869509 0.130010 0.000241
 0.044990 0.168565 0.094070 0.692375
 0.113595 0.068299 0.604884 0.213222
 0.000241 0.239127 0.461830 0.298803

MOTIF 2-TCAAGATAAAAG STREME-2
letter-probability matrix: alength= 4 w= 12 nsites= 51 E= 8.1e-001
 0.146598 0.036816 0.000103 0.816482
 0.000141 0.953006 0.000103 0.046750
 0.877195 0.000103 0.107013 0.015689
 0.823282 0.115108 0.061470 0.000141
 0.017065 0.000103 0.982691 0.000141
 0.722600 0.015090 0.094041 0.168269
 0.000141 0.014137 0.000103 0.985619
 0.834613 0.000103 0.053703 0.111581
 0.833763 0.000103 0.017028 0.149106
 0.571321 0.219295 0.187016 0.022368
 0.619251 0.107603 0.186270 0.086876
 0.181128 0.139563 0.520738 0.158571

MOTIF 3-AGATAAGGS STREME-3
letter-probability matrix: alength= 4 w= 9 nsites= 50 E= 2.3e+000
 0.933021 0.065881 0.000464 0.000633
 0.000633 0.123139 0.875594 0.000633
 0.998439 0.000464 0.000464 0.000633
 0.000633 0.029811 0.000464 0.969092
 0.998439 0.000464 0.000464 0.000633
 0.998439 0.000464 0.000464 0.000633
 0.000633 0.000464 0.848677 0.150226
 0.260836 0.146767 0.591764 0.000633
 0.000633 0.434163 0.387393 0.177811

MOTIF 4-AATGACATGT STREME-4
letter-probability matrix: alength= 4 w= 10 nsites= 39 E= 2.6e+000
 0.948664 0.050334 0.000424 0.000578
 0.872709 0.024770 0.101943 0.000578
 0.042667 0.000424 0.025278 0.931631
 0.073538 0.062820 0.863064 0.000578
 0.998574 0.000424 0.000424 0.000578
 0.000578 0.948883 0.049960 0.000578
 0.742876 0.108030 0.000424 0.148670
 0.225304 0.023348 0.082031 0.669316
 0.000578 0.046805 0.952039 0.000578
 0.075714 0.056123 0.022476 0.845686

MOTIF 5-TCAAAATAA STREME-5
letter-probability matrix: alength= 4 w= 9 nsites= 62 E= 4.7e+000
 0.000785 0.000575 0.000575 0.998064
 0.000785 0.997854 0.000575 0.000785
 0.726565 0.065058 0.207592 0.000785
 0.715383 0.000575 0.283256 0.000785
 0.812046 0.000575 0.186594 0.000785
 0.845935 0.000575 0.000575 0.152915
 0.000785 0.000575 0.000575 0.998064
 0.863231 0.000575 0.000575 0.135618
 0.998064 0.000575 0.000575 0.000785

MOTIF 6-ATCAGAACTATCRTTA STREME-6
letter-probability matrix: alength= 4 w= 16 nsites= 6 E= 9.0e+000
 0.997749 0.000669 0.000669 0.000913
 0.000913 0.000669 0.000669 0.997749
 0.000913 0.831366 0.166808 0.000913
 0.997749 0.000669 0.000669 0.000913
 0.000913 0.000669 0.997505 0.000913
 0.997749 0.000669 0.000669 0.000913
 0.831610 0.000669 0.000669 0.167052
 0.167052 0.499087 0.166808 0.167052
 0.000913 0.000669 0.000669 0.997749
 0.997749 0.000669 0.000669 0.000913
 0.167052 0.166808 0.000669 0.665471
 0.167052 0.831366 0.000669 0.000913
 0.499331 0.000669 0.332948 0.167052
 0.000913 0.166808 0.000669 0.831610
 0.000913 0.000669 0.000669 0.997749
 0.831610 0.000669 0.000669 0.167052

MOTIF 7-ACAAACTGACAGRTA STREME-7
letter-probability matrix: alength= 4 w= 15 nsites= 5 E= 9.0e+000
 0.997301 0.000802 0.000802 0.001095
 0.001095 0.997008 0.000802 0.001095
 0.798060 0.000802 0.200043 0.001095
 0.997301 0.000802 0.000802 0.001095
 0.997301 0.000802 0.000802 0.001095
 0.001095 0.997008 0.000802 0.001095
 0.001095 0.000802 0.000802 0.997301
 0.001095 0.000802 0.797767 0.200336
 0.997301 0.000802 0.000802 0.001095
 0.001095 0.997008 0.000802 0.001095
 0.798060 0.200043 0.000802 0.001095
 0.200336 0.000802 0.797767 0.001095
 0.399577 0.000802 0.598526 0.001095
 0.001095 0.000802 0.200043 0.798060
 0.997301 0.000802 0.000802 0.001095

MOTIF 8-CTATAGARCAAAHGYC STREME-8
letter-probability matrix: alength= 4 w= 16 nsites= 4 E= 9.0e+000
 0.001367 0.996264 0.001002 0.001367
 0.001367 0.001002 0.001002 0.996629
 0.996629 0.001002 0.001002 0.001367
 0.001367 0.001002 0.001002 0.996629
 0.996629 0.001002 0.001002 0.001367
 0.001367 0.001002 0.996264 0.001367
 0.747814 0.001002 0.001002 0.250183
 0.498998 0.001002 0.498633 0.001367
 0.001367 0.996264 0.001002 0.001367
 0.996629 0.001002 0.001002 0.001367
 0.996629 0.001002 0.001002 0.001367
 0.996629 0.001002 0.001002 0.001367
 0.498998 0.249817 0.001002 0.250183
 0.001367 0.001002 0.996264 0.001367
 0.001367 0.498633 0.001002 0.498998
 0.001367 0.996264 0.001002 0.001367

MOTIF 9-GAGGGCGTCCTTTR STREME-9
letter-probability matrix: alength= 4 w= 14 nsites= 4 E= 9.0e+000
 0.001367 0.001002 0.996264 0.001367
 0.996629 0.001002 0.001002 0.001367
 0.001367 0.001002 0.996264 0.001367
 0.001367 0.001002 0.996264 0.001367
 0.250183 0.001002 0.747448 0.001367
 0.001367 0.996264 0.001002 0.001367
 0.001367 0.001002 0.996264 0.001367
 0.001367 0.001002 0.001002 0.996629
 0.001367 0.996264 0.001002 0.001367
 0.001367 0.996264 0.001002 0.001367
 0.001367 0.001002 0.249817 0.747814
 0.001367 0.001002 0.001002 0.996629
 0.001367 0.001002 0.001002 0.996629
 0.498998 0.001002 0.498633 0.001367

********************************************************************************
Stopped because maximum number of motifs (9) reached.
********************************************************************************
COMMAND:	streme --oc /users/asebe/aelek/proj/scATAC_nvec_v2/Nematostella_scATAC/results/Motifs/streme/muscle_novl//peaks_muscle_mesentery_retractor_muscle_MR/streme --dna --minw 6 --maxw 18 --nmotifs 9 --p /users/asebe/aelek/proj/scATAC_nvec_v2/Nematostella_scATAC/results/Motifs/streme/muscle_novl//peaks_muscle_mesentery_retractor_muscle_MR.fasta --n /users/asebe/aelek/proj/scATAC_nvec_v2/Nematostella_scATAC/results/Motifs/streme/muscle_novl//peaks_muscle_mesentery_retractor_muscle_MR_bg.fasta
********************************************************************************
CPU:		genoa64-02
********************************************************************************
FINALTIME:	2403.66 seconds
********************************************************************************
