********************************************************************************
STREME - Sensitive, Thorough, Rapid, Enriched Motif Elicitation
********************************************************************************
MEME version 5.5.7 (Release date: Wed Jun 19 13:59:04 2024 -0700)

For further information on how to interpret these results please access https://meme-suite.org/meme.
To get a copy of the MEME Suite software please access https://meme-suite.org.

********************************************************************************


********************************************************************************
REFERENCE
********************************************************************************
If you use this program in your research, please cite:

Timothy L. Bailey,
"STREME: accurate and versatile sequence motif discovery",
Bioinformatics, Mar. 24, 2021.
********************************************************************************


ALPHABET= ACGT

strands: + -

Background letter frequencies
A 0.289 C 0.211 G 0.211 T 0.289 

MOTIF 1-ACCAATCASATTGC STREME-1
letter-probability matrix: alength= 4 w= 14 nsites= 6 E= 1.1e-001
 0.997250 0.000817 0.000817 0.001116
 0.001116 0.996951 0.000817 0.001116
 0.001116 0.996951 0.000817 0.001116
 0.997250 0.000817 0.000817 0.001116
 0.732666 0.000817 0.265401 0.001116
 0.001116 0.000817 0.000817 0.997250
 0.001116 0.996951 0.000817 0.001116
 0.997250 0.000817 0.000817 0.001116
 0.001116 0.628193 0.369576 0.001116
 0.732666 0.000817 0.265401 0.001116
 0.158822 0.000817 0.000817 0.839544
 0.001116 0.211870 0.000817 0.786197
 0.001116 0.000817 0.996951 0.001116
 0.001116 0.774798 0.000817 0.223269

MOTIF 2-CCTCCTCCA STREME-2
letter-probability matrix: alength= 4 w= 9 nsites= 15 E= 1.8e+000
 0.001055 0.758364 0.000773 0.239807
 0.073773 0.924399 0.000773 0.001055
 0.001055 0.000773 0.000773 0.997399
 0.086603 0.911569 0.000773 0.001055
 0.163606 0.759554 0.075785 0.001055
 0.001055 0.000773 0.000773 0.997399
 0.001055 0.997117 0.000773 0.001055
 0.001055 0.926767 0.000773 0.071405
 0.759731 0.046922 0.132362 0.060985

MOTIF 3-GAAAGATAAGCCAAMAWT STREME-3
letter-probability matrix: alength= 4 w= 18 nsites= 7 E= 9.0e+000
 0.000624 0.000457 0.998294 0.000624
 0.850379 0.000457 0.148539 0.000624
 0.850379 0.000457 0.148539 0.000624
 0.998461 0.000457 0.000457 0.000624
 0.000624 0.000457 0.998294 0.000624
 0.850379 0.148539 0.000457 0.000624
 0.000624 0.000457 0.148539 0.850379
 0.726045 0.124791 0.148539 0.000624
 0.702298 0.296620 0.000457 0.000624
 0.273040 0.000457 0.577797 0.148706
 0.000624 0.850212 0.148539 0.000624
 0.124958 0.725878 0.000457 0.148706
 0.702298 0.000457 0.148539 0.148706
 0.850379 0.000457 0.148539 0.000624
 0.296787 0.554050 0.000457 0.148706
 0.702298 0.000457 0.148539 0.148706
 0.421121 0.000457 0.000457 0.577964
 0.000624 0.000457 0.000457 0.998461

MOTIF 4-AACCTGACGCGTYWYAG STREME-4
letter-probability matrix: alength= 4 w= 17 nsites= 7 E= 9.0e+000
 0.855959 0.000440 0.143000 0.000601
 0.998518 0.000440 0.000440 0.000601
 0.000601 0.855798 0.000440 0.143161
 0.000601 0.713238 0.285559 0.000601
 0.143161 0.000440 0.000440 0.855959
 0.000601 0.000440 0.998357 0.000601
 0.713399 0.143000 0.000440 0.143161
 0.143161 0.855798 0.000440 0.000601
 0.000601 0.000440 0.855798 0.143161
 0.000601 0.713238 0.143000 0.143161
 0.000601 0.143000 0.855798 0.000601
 0.000601 0.000440 0.000440 0.998518
 0.143161 0.570679 0.000440 0.285720
 0.285720 0.000440 0.143000 0.570839
 0.000601 0.570679 0.143000 0.285720
 0.713399 0.143000 0.143000 0.000601
 0.143161 0.143000 0.713238 0.000601

MOTIF 5-CACCGGAAGC STREME-5
letter-probability matrix: alength= 4 w= 10 nsites= 16 E= 9.0e+000
 0.106222 0.718621 0.174637 0.000520
 0.709776 0.072739 0.154108 0.063377
 0.063377 0.935723 0.000381 0.000520
 0.037398 0.961702 0.000381 0.000520
 0.000520 0.000381 0.998580 0.000520
 0.000520 0.058929 0.940032 0.000520
 0.692606 0.088617 0.000381 0.218397
 0.782547 0.000381 0.143113 0.073959
 0.146039 0.000381 0.780703 0.072878
 0.066011 0.814442 0.000381 0.119166

MOTIF 6-CTAGGGTCACK STREME-6
letter-probability matrix: alength= 4 w= 11 nsites= 4 E= 9.0e+000
 0.001395 0.996187 0.001022 0.001395
 0.001395 0.001022 0.001022 0.996561
 0.996561 0.001022 0.001022 0.001395
 0.001395 0.001022 0.996187 0.001395
 0.001395 0.001022 0.996187 0.001395
 0.001395 0.001022 0.996187 0.001395
 0.001395 0.001022 0.001022 0.996561
 0.001395 0.996187 0.001022 0.001395
 0.743390 0.254193 0.001022 0.001395
 0.001395 0.996187 0.001022 0.001395
 0.001395 0.001022 0.465218 0.532364

MOTIF 7-CTGGTTTTMCTKCAG STREME-7
letter-probability matrix: alength= 4 w= 15 nsites= 3 E= 9.0e+000
 0.001532 0.995815 0.001122 0.001532
 0.001532 0.001122 0.001122 0.996224
 0.001532 0.001122 0.995815 0.001532
 0.001532 0.001122 0.995815 0.001532
 0.001532 0.001122 0.001122 0.996224
 0.001532 0.001122 0.001122 0.996224
 0.001532 0.001122 0.001122 0.996224
 0.001532 0.001122 0.001122 0.996224
 0.364766 0.632580 0.001122 0.001532
 0.001532 0.995815 0.001122 0.001532
 0.001532 0.001122 0.001122 0.996224
 0.001532 0.001122 0.364356 0.632990
 0.001532 0.995815 0.001122 0.001532
 0.996224 0.001122 0.001122 0.001532
 0.306515 0.001122 0.690831 0.001532

MOTIF 8-CCTTTTWCTARAGATAWC STREME-8
letter-probability matrix: alength= 4 w= 18 nsites= 3 E= 9.0e+000
 0.001565 0.995723 0.001147 0.001565
 0.001565 0.995723 0.001147 0.001565
 0.001565 0.001147 0.001147 0.996141
 0.001565 0.001147 0.001147 0.996141
 0.001565 0.001147 0.001147 0.996141
 0.001565 0.001147 0.001147 0.996141
 0.624929 0.001147 0.001147 0.372777
 0.001565 0.995723 0.001147 0.001565
 0.001565 0.001147 0.001147 0.996141
 0.996141 0.001147 0.001147 0.001565
 0.624929 0.001147 0.372359 0.001565
 0.996141 0.001147 0.001147 0.001565
 0.001565 0.001147 0.995723 0.001565
 0.996141 0.001147 0.001147 0.001565
 0.001565 0.001147 0.001147 0.996141
 0.684459 0.001147 0.001147 0.313247
 0.372777 0.001147 0.001147 0.624929
 0.001565 0.995723 0.001147 0.001565

MOTIF 9-ACYCCGTAGG STREME-9
letter-probability matrix: alength= 4 w= 10 nsites= 4 E= 9.0e+000
 0.996151 0.001144 0.001144 0.001561
 0.001561 0.995734 0.001144 0.001561
 0.225723 0.498097 0.001144 0.275036
 0.001561 0.995734 0.001144 0.001561
 0.001561 0.995734 0.001144 0.001561
 0.001561 0.001144 0.995734 0.001561
 0.001561 0.001144 0.001144 0.996151
 0.996151 0.001144 0.001144 0.001561
 0.001561 0.001144 0.995734 0.001561
 0.001561 0.001144 0.995734 0.001561

********************************************************************************
Stopped because maximum number of motifs (9) reached.
********************************************************************************
COMMAND:	streme --oc /users/asebe/aelek/proj/scATAC_nvec_v2/Nematostella_scATAC/results/Motifs/streme/muscle_ovl//peaks_muscle_mesentery_retractor_EMS/streme --dna --minw 6 --maxw 18 --nmotifs 9 --p /users/asebe/aelek/proj/scATAC_nvec_v2/Nematostella_scATAC/results/Motifs/streme/muscle_ovl//peaks_muscle_mesentery_retractor_EMS.fasta --n /users/asebe/aelek/proj/scATAC_nvec_v2/Nematostella_scATAC/results/Motifs/streme/muscle_ovl//peaks_muscle_mesentery_retractor_EMS_bg.fasta
********************************************************************************
CPU:		genoa64-07
********************************************************************************
FINALTIME:	2408.79 seconds
********************************************************************************
