********************************************************************************
STREME - Sensitive, Thorough, Rapid, Enriched Motif Elicitation
********************************************************************************
MEME version 5.5.7 (Release date: Wed Jun 19 13:59:04 2024 -0700)

For further information on how to interpret these results please access https://meme-suite.org/meme.
To get a copy of the MEME Suite software please access https://meme-suite.org.

********************************************************************************


********************************************************************************
REFERENCE
********************************************************************************
If you use this program in your research, please cite:

Timothy L. Bailey,
"STREME: accurate and versatile sequence motif discovery",
Bioinformatics, Mar. 24, 2021.
********************************************************************************


ALPHABET= ACGT

strands: + -

Background letter frequencies
A 0.289 C 0.211 G 0.211 T 0.289 

MOTIF 1-CACAGGDAGC STREME-1
letter-probability matrix: alength= 4 w= 10 nsites= 56 E= 3.8e-001
 0.167850 0.831507 0.000272 0.000372
 0.925277 0.000272 0.074079 0.000372
 0.000372 0.914107 0.085150 0.000372
 0.679482 0.112842 0.000272 0.207404
 0.000372 0.000272 0.998985 0.000372
 0.000372 0.000272 0.896925 0.102431
 0.407501 0.060130 0.254278 0.278091
 0.999084 0.000272 0.000272 0.000372
 0.176761 0.000272 0.574368 0.248599
 0.041241 0.941090 0.000272 0.017397

MOTIF 2-GCGTTACAMT STREME-2
letter-probability matrix: alength= 4 w= 10 nsites= 28 E= 6.2e-001
 0.000432 0.000316 0.998820 0.000432
 0.033617 0.851978 0.000316 0.114089
 0.063387 0.000316 0.823967 0.112330
 0.081382 0.000316 0.000316 0.917986
 0.000432 0.034850 0.175936 0.788782
 0.960481 0.000316 0.038771 0.000432
 0.000432 0.998820 0.000316 0.000432
 0.708983 0.063595 0.226990 0.000432
 0.522954 0.395958 0.080656 0.000432
 0.027563 0.243668 0.033761 0.695009

MOTIF 3-CAAGCAACCATTGC STREME-3
letter-probability matrix: alength= 4 w= 14 nsites= 7 E= 9.0e+000
 0.000918 0.997492 0.000672 0.000918
 0.997737 0.000672 0.000672 0.000918
 0.997737 0.000672 0.000672 0.000918
 0.000918 0.000672 0.997492 0.000918
 0.000918 0.997492 0.000672 0.000918
 0.997737 0.000672 0.000672 0.000918
 0.997737 0.000672 0.000672 0.000918
 0.175124 0.627067 0.000672 0.197136
 0.000918 0.997492 0.000672 0.000918
 0.801519 0.000672 0.000672 0.197136
 0.000918 0.000672 0.000672 0.997737
 0.000918 0.196891 0.174879 0.627313
 0.000918 0.000672 0.997492 0.000918
 0.197136 0.801274 0.000672 0.000918

MOTIF 4-CAGCCGAWTTC STREME-4
letter-probability matrix: alength= 4 w= 11 nsites= 10 E= 9.0e+000
 0.000833 0.997723 0.000610 0.000833
 0.886023 0.000610 0.112534 0.000833
 0.000833 0.000610 0.997723 0.000833
 0.103162 0.895394 0.000610 0.000833
 0.000833 0.997723 0.000610 0.000833
 0.000833 0.000610 0.871171 0.127385
 0.997946 0.000610 0.000610 0.000833
 0.593275 0.000610 0.102939 0.303175
 0.000833 0.118916 0.122742 0.757508
 0.000833 0.072723 0.000610 0.925834
 0.000833 0.997723 0.000610 0.000833

MOTIF 5-GCGGAAATAAAAAAA STREME-5
letter-probability matrix: alength= 4 w= 15 nsites= 5 E= 9.0e+000
 0.000976 0.000715 0.812055 0.186253
 0.000976 0.788645 0.209403 0.000976
 0.000976 0.000715 0.997333 0.000976
 0.000976 0.000715 0.997333 0.000976
 0.580218 0.209403 0.000715 0.209664
 0.997594 0.000715 0.000715 0.000976
 0.997594 0.000715 0.000715 0.000976
 0.000976 0.000715 0.000715 0.997594
 0.788906 0.000715 0.000715 0.209664
 0.788906 0.209403 0.000715 0.000976
 0.788906 0.000715 0.000715 0.209664
 0.997594 0.000715 0.000715 0.000976
 0.812317 0.000715 0.185992 0.000976
 0.997594 0.000715 0.000715 0.000976
 0.997594 0.000715 0.000715 0.000976

MOTIF 6-TCAASATGGCGGCCA STREME-6
letter-probability matrix: alength= 4 w= 15 nsites= 12 E= 9.0e+000
 0.000605 0.143376 0.000443 0.855576
 0.000605 0.998347 0.000443 0.000605
 0.869160 0.000443 0.129792 0.000605
 0.869160 0.000443 0.000443 0.129953
 0.184565 0.427522 0.387308 0.000605
 0.998508 0.000443 0.000443 0.000605
 0.000605 0.000443 0.000443 0.998508
 0.000605 0.000443 0.998347 0.000605
 0.000605 0.000443 0.998347 0.000605
 0.000605 0.998347 0.000443 0.000605
 0.000605 0.000443 0.998347 0.000605
 0.092498 0.000443 0.777106 0.129953
 0.196650 0.802301 0.000443 0.000605
 0.074908 0.809205 0.115281 0.000605
 0.728653 0.000443 0.270299 0.000605

MOTIF 7-ACTACATTCCM STREME-7
letter-probability matrix: alength= 4 w= 11 nsites= 7 E= 9.0e+000
 0.997133 0.000852 0.000852 0.001163
 0.001163 0.996822 0.000852 0.001163
 0.001163 0.000852 0.000852 0.997133
 0.997133 0.000852 0.000852 0.001163
 0.001163 0.861703 0.000852 0.136282
 0.776405 0.000852 0.221580 0.001163
 0.001163 0.000852 0.000852 0.997133
 0.001163 0.000852 0.000852 0.997133
 0.001163 0.996822 0.000852 0.001163
 0.001163 0.831706 0.000852 0.166279
 0.345449 0.521815 0.000852 0.131884

MOTIF 8-CGTCCGATAAGA STREME-8
letter-probability matrix: alength= 4 w= 12 nsites= 4 E= 9.0e+000
 0.001336 0.996350 0.000978 0.001336
 0.001336 0.000978 0.996350 0.001336
 0.001336 0.000978 0.000978 0.996707
 0.001336 0.774824 0.222505 0.001336
 0.001336 0.761558 0.000978 0.236128
 0.001336 0.000978 0.996350 0.001336
 0.996707 0.000978 0.000978 0.001336
 0.001336 0.000978 0.000978 0.996707
 0.996707 0.000978 0.000978 0.001336
 0.996707 0.000978 0.000978 0.001336
 0.001336 0.000978 0.996350 0.001336
 0.711165 0.000978 0.000978 0.286878

MOTIF 9-AGCGAATTTAT STREME-9
letter-probability matrix: alength= 4 w= 11 nsites= 5 E= 9.0e+000
 0.996611 0.001007 0.001007 0.001375
 0.001375 0.001007 0.996244 0.001375
 0.001375 0.996244 0.001007 0.001375
 0.001375 0.001007 0.996244 0.001375
 0.996611 0.001007 0.001007 0.001375
 0.996611 0.001007 0.001007 0.001375
 0.001375 0.001007 0.001007 0.996611
 0.177436 0.001007 0.001007 0.820551
 0.001375 0.001007 0.001007 0.996611
 0.996611 0.001007 0.001007 0.001375
 0.001375 0.001007 0.181163 0.816455

********************************************************************************
Stopped because maximum number of motifs (9) reached.
********************************************************************************
COMMAND:	streme --oc /users/asebe/aelek/proj/scATAC_nvec_v2/Nematostella_scATAC/results/Motifs/streme/muscle_ovl//peaks_muscle_tentacle_retractor_ecto/streme --dna --minw 6 --maxw 18 --nmotifs 9 --p /users/asebe/aelek/proj/scATAC_nvec_v2/Nematostella_scATAC/results/Motifs/streme/muscle_ovl//peaks_muscle_tentacle_retractor_ecto.fasta --n /users/asebe/aelek/proj/scATAC_nvec_v2/Nematostella_scATAC/results/Motifs/streme/muscle_ovl//peaks_muscle_tentacle_retractor_ecto_bg.fasta
********************************************************************************
CPU:		genoa64-05
********************************************************************************
FINALTIME:	2348.31 seconds
********************************************************************************
