********************************************************************************
STREME - Sensitive, Thorough, Rapid, Enriched Motif Elicitation
********************************************************************************
MEME version 5.5.7 (Release date: Wed Jun 19 13:59:04 2024 -0700)

For further information on how to interpret these results please access https://meme-suite.org/meme.
To get a copy of the MEME Suite software please access https://meme-suite.org.

********************************************************************************


********************************************************************************
REFERENCE
********************************************************************************
If you use this program in your research, please cite:

Timothy L. Bailey,
"STREME: accurate and versatile sequence motif discovery",
Bioinformatics, Mar. 24, 2021.
********************************************************************************


ALPHABET= ACGT

strands: + -

Background letter frequencies
A 0.289 C 0.211 G 0.211 T 0.289 

MOTIF 1-CACAGCAGGARAY STREME-1
letter-probability matrix: alength= 4 w= 13 nsites= 880 E= 5.4e-013
 0.194356 0.726434 0.063720 0.015490
 0.661004 0.146244 0.052831 0.139921
 0.000013 0.961390 0.003727 0.034871
 0.704748 0.156230 0.074299 0.064723
 0.091595 0.013575 0.894817 0.000013
 0.011478 0.965741 0.004321 0.018461
 0.668692 0.007757 0.290205 0.033345
 0.036282 0.071821 0.752644 0.139254
 0.013937 0.005473 0.913331 0.067259
 0.516700 0.171967 0.216205 0.095129
 0.394475 0.147780 0.261092 0.196653
 0.456991 0.128138 0.186722 0.228149
 0.112520 0.450414 0.119556 0.317511

MOTIF 2-AACAAWAG STREME-2
letter-probability matrix: alength= 4 w= 8 nsites= 1129 E= 1.3e-002
 0.661122 0.202912 0.000196 0.135771
 0.999342 0.000196 0.000196 0.000267
 0.000267 0.999270 0.000196 0.000267
 0.999342 0.000196 0.000196 0.000267
 0.961292 0.000196 0.038246 0.000267
 0.348263 0.000196 0.000196 0.651346
 0.640274 0.096541 0.262917 0.000267
 0.000267 0.069908 0.929557 0.000267

MOTIF 3-CGCMGCKDGW STREME-3
letter-probability matrix: alength= 4 w= 10 nsites= 931 E= 1.3e-002
 0.000049 0.999866 0.000036 0.000049
 0.013484 0.000036 0.828918 0.157562
 0.028873 0.808922 0.014491 0.147714
 0.467584 0.316368 0.111905 0.104144
 0.000049 0.000036 0.972581 0.027335
 0.000049 0.711895 0.127049 0.161007
 0.174460 0.122401 0.276179 0.426960
 0.211091 0.149648 0.270286 0.368975
 0.000049 0.000036 0.999866 0.000049
 0.517674 0.010144 0.200486 0.271695

MOTIF 4-CARAACA STREME-4
letter-probability matrix: alength= 4 w= 7 nsites= 1219 E= 1.7e-002
 0.001054 0.997121 0.000772 0.001054
 0.997403 0.000772 0.000772 0.001054
 0.527391 0.000772 0.276654 0.195183
 0.997403 0.000772 0.000772 0.001054
 0.997403 0.000772 0.000772 0.001054
 0.001054 0.997121 0.000772 0.001054
 0.997403 0.000772 0.000772 0.001054

MOTIF 5-ACAGTGGGAAC STREME-5
letter-probability matrix: alength= 4 w= 11 nsites= 116 E= 3.3e-002
 0.789075 0.107639 0.084689 0.018597
 0.008039 0.903376 0.060440 0.028145
 0.846474 0.057201 0.031221 0.065104
 0.000138 0.067313 0.932412 0.000138
 0.049873 0.008969 0.075821 0.865336
 0.088309 0.034018 0.814318 0.063354
 0.055241 0.090869 0.776431 0.077459
 0.071884 0.033359 0.870998 0.023758
 0.859510 0.042235 0.090989 0.007266
 0.765553 0.058609 0.105596 0.070242
 0.003974 0.740669 0.130530 0.124827

MOTIF 6-GAATACATTAWC STREME-6
letter-probability matrix: alength= 4 w= 12 nsites= 52 E= 4.3e-002
 0.000378 0.000277 0.998967 0.000378
 0.886492 0.018089 0.000277 0.095142
 0.999068 0.000277 0.000277 0.000378
 0.000378 0.046308 0.000277 0.953037
 0.971228 0.028117 0.000277 0.000378
 0.142553 0.759664 0.097405 0.000378
 0.774199 0.019843 0.000277 0.205681
 0.000378 0.000277 0.015321 0.984024
 0.086311 0.146906 0.000277 0.766506
 0.999068 0.000277 0.000277 0.000378
 0.331822 0.084301 0.096742 0.487135
 0.108751 0.703532 0.116802 0.070916

MOTIF 7-AATTTGCATAHANNH STREME-7
letter-probability matrix: alength= 4 w= 15 nsites= 573 E= 4.8e-002
 0.621178 0.091555 0.107340 0.179927
 0.915731 0.021494 0.024454 0.038322
 0.006339 0.008759 0.000016 0.984886
 0.037573 0.065487 0.000016 0.896923
 0.261201 0.014679 0.008980 0.715141
 0.059871 0.004904 0.923807 0.011419
 0.122095 0.863204 0.002460 0.012241
 0.969209 0.007347 0.009791 0.013652
 0.027798 0.014679 0.002460 0.955063
 0.696237 0.065362 0.079258 0.159143
 0.270147 0.387564 0.101995 0.240294
 0.497758 0.148422 0.139266 0.214555
 0.280508 0.215383 0.173412 0.330697
 0.271224 0.163358 0.271501 0.293918
 0.400743 0.264399 0.124109 0.210749

MOTIF 8-CAGCGGG STREME-8
letter-probability matrix: alength= 4 w= 7 nsites= 388 E= 9.2e-002
 0.000854 0.797527 0.000626 0.200992
 0.762533 0.047127 0.130908 0.059433
 0.101404 0.106180 0.755735 0.036682
 0.000854 0.997665 0.000626 0.000854
 0.000854 0.055542 0.942749 0.000854
 0.000854 0.000626 0.997665 0.000854
 0.000854 0.000626 0.997665 0.000854

MOTIF 9-AAACAATG STREME-9
letter-probability matrix: alength= 4 w= 8 nsites= 1024 E= 1.6e-001
 0.895400 0.052254 0.000361 0.051985
 0.738519 0.208956 0.052033 0.000492
 0.998787 0.000361 0.000361 0.000492
 0.000492 0.933193 0.065823 0.000492
 0.906289 0.038881 0.054338 0.000492
 0.961480 0.000361 0.037667 0.000492
 0.275127 0.000361 0.000361 0.724152
 0.000492 0.061715 0.810082 0.127711

MOTIF 10-ATTCAA STREME-10
letter-probability matrix: alength= 4 w= 6 nsites= 2055 E= 1.8e-001
 0.997176 0.000839 0.000839 0.001146
 0.001146 0.000839 0.000839 0.997176
 0.001146 0.000839 0.000839 0.997176
 0.001146 0.996869 0.000839 0.001146
 0.752775 0.000839 0.122167 0.124218
 0.666432 0.000839 0.000839 0.331889

MOTIF 11-CGCCACAGG STREME-11
letter-probability matrix: alength= 4 w= 9 nsites= 566 E= 2.0e-001
 0.027596 0.928905 0.005106 0.038394
 0.005764 0.008829 0.911699 0.073707
 0.036433 0.869288 0.025826 0.068453
 0.022827 0.808970 0.025184 0.143019
 0.812630 0.062936 0.038401 0.086033
 0.074269 0.736753 0.033671 0.155307
 0.570530 0.061643 0.198726 0.169101
 0.013283 0.015828 0.944190 0.026700
 0.053696 0.063508 0.807584 0.075212

MOTIF 12-CCCACGCADC STREME-12
letter-probability matrix: alength= 4 w= 10 nsites= 145 E= 3.0e-001
 0.042316 0.957214 0.000199 0.000272
 0.000272 0.880436 0.119020 0.000272
 0.000272 0.999258 0.000199 0.000272
 0.669704 0.173384 0.104082 0.052830
 0.000272 0.999258 0.000199 0.000272
 0.000272 0.000199 0.999258 0.000272
 0.092917 0.850078 0.056733 0.000272
 0.907193 0.000199 0.000199 0.092409
 0.181344 0.148595 0.349165 0.320896
 0.120397 0.703519 0.044720 0.131364

MOTIF 13-TATGTAAA STREME-13
letter-probability matrix: alength= 4 w= 8 nsites= 112 E= 6.3e-001
 0.026236 0.019218 0.019218 0.935327
 0.935327 0.019218 0.019218 0.026236
 0.026236 0.019218 0.019218 0.935327
 0.026236 0.019218 0.928309 0.026236
 0.026236 0.019218 0.019218 0.935327
 0.935327 0.019218 0.019218 0.026236
 0.935327 0.019218 0.019218 0.026236
 0.935327 0.019218 0.019218 0.026236

MOTIF 14-AGACACGCTA STREME-14
letter-probability matrix: alength= 4 w= 10 nsites= 15 E= 6.3e-001
 0.935327 0.019218 0.019218 0.026236
 0.026236 0.019218 0.928309 0.026236
 0.935327 0.019218 0.019218 0.026236
 0.026236 0.928309 0.019218 0.026236
 0.935327 0.019218 0.019218 0.026236
 0.026236 0.928309 0.019218 0.026236
 0.026236 0.019218 0.928309 0.026236
 0.026236 0.928309 0.019218 0.026236
 0.026236 0.019218 0.019218 0.935327
 0.935327 0.019218 0.019218 0.026236

MOTIF 15-AGATTAACTA STREME-15
letter-probability matrix: alength= 4 w= 10 nsites= 12 E= 6.3e-001
 0.935327 0.019218 0.019218 0.026236
 0.026236 0.019218 0.928309 0.026236
 0.935327 0.019218 0.019218 0.026236
 0.026236 0.019218 0.019218 0.935327
 0.026236 0.019218 0.019218 0.935327
 0.935327 0.019218 0.019218 0.026236
 0.935327 0.019218 0.019218 0.026236
 0.026236 0.928309 0.019218 0.026236
 0.026236 0.019218 0.019218 0.935327
 0.935327 0.019218 0.019218 0.026236

MOTIF 16-TTAAGCG STREME-16
letter-probability matrix: alength= 4 w= 7 nsites= 1218 E= 7.9e-001
 0.240144 0.194499 0.045322 0.520035
 0.001063 0.000779 0.000779 0.997379
 0.997379 0.000779 0.000779 0.001063
 0.808810 0.000779 0.028698 0.161713
 0.001063 0.054014 0.713989 0.230933
 0.001063 0.997095 0.000779 0.001063
 0.001063 0.000779 0.997095 0.001063

MOTIF 17-CGCTAAAACA STREME-17
letter-probability matrix: alength= 4 w= 10 nsites= 17 E= 8.2e-001
 0.026236 0.928309 0.019218 0.026236
 0.026236 0.019218 0.928309 0.026236
 0.026236 0.928309 0.019218 0.026236
 0.026236 0.019218 0.019218 0.935327
 0.935327 0.019218 0.019218 0.026236
 0.935327 0.019218 0.019218 0.026236
 0.935327 0.019218 0.019218 0.026236
 0.935327 0.019218 0.019218 0.026236
 0.026236 0.928309 0.019218 0.026236
 0.935327 0.019218 0.019218 0.026236

MOTIF 18-CACWGTG STREME-18
letter-probability matrix: alength= 4 w= 7 nsites= 679 E= 1.3e+000
 0.320347 0.678366 0.000544 0.000743
 0.737858 0.000544 0.260856 0.000743
 0.000743 0.997971 0.000544 0.000743
 0.499456 0.000544 0.000544 0.499456
 0.000743 0.000544 0.997971 0.000743
 0.000743 0.260856 0.000544 0.737858
 0.000743 0.000544 0.678366 0.320347

MOTIF 19-CGGAATGTAAA STREME-19
letter-probability matrix: alength= 4 w= 11 nsites= 28 E= 1.1e+001
 0.098621 0.820517 0.000500 0.080362
 0.000682 0.000500 0.998136 0.000682
 0.000682 0.000500 0.976397 0.022421
 0.998318 0.000500 0.000500 0.000682
 0.942436 0.039638 0.000500 0.017427
 0.020985 0.029961 0.000500 0.948554
 0.013903 0.000500 0.805654 0.179942
 0.000682 0.000500 0.076117 0.922701
 0.898956 0.099862 0.000500 0.000682
 0.922701 0.000500 0.076117 0.000682
 0.998318 0.000500 0.000500 0.000682

MOTIF 20-AATTACGGCGADAAR STREME-20
letter-probability matrix: alength= 4 w= 15 nsites= 13 E= 2.0e+001
 0.998284 0.000510 0.000510 0.000696
 0.844809 0.000510 0.153985 0.000696
 0.000696 0.077247 0.077247 0.844809
 0.077434 0.000510 0.077247 0.844809
 0.844809 0.000510 0.000510 0.154171
 0.000696 0.998098 0.000510 0.000696
 0.000696 0.000510 0.998098 0.000696
 0.000696 0.077247 0.921361 0.000696
 0.154171 0.844623 0.000510 0.000696
 0.000696 0.000510 0.921361 0.077434
 0.768072 0.077247 0.077247 0.077434
 0.307646 0.000510 0.460935 0.230909
 0.998284 0.000510 0.000510 0.000696
 0.844809 0.000510 0.000510 0.154171
 0.537859 0.153985 0.307460 0.000696

********************************************************************************
Stopped because 3 consecutive motifs exceeded the p-value threshold (0.05).
********************************************************************************
COMMAND:	streme --oc /users/asebe/aelek/proj/scATAC_nvec_v2/Nematostella_scATAC/results/Motifs/streme/muscle//peaks_muscle_TR/streme --dna --minw 6 --maxw 18 --p /users/asebe/aelek/proj/scATAC_nvec_v2/Nematostella_scATAC/results/Motifs/streme/muscle//peaks_muscle_TR.fasta --n /users/asebe/aelek/proj/scATAC_nvec_v2/Nematostella_scATAC/results/Motifs/streme/muscle//peaks_muscle_TR_bg.fasta
********************************************************************************
CPU:		genoa64-03
********************************************************************************
FINALTIME:	5924.53 seconds
********************************************************************************
