NC_064034.1_596994_597242_pos_1	0.216245	1	2
NC_064034.1_724878_725127_pos_2	0.367258	1	2
NC_064034.1_1045026_1045275_pos_3	0.4154	1	3
NC_064034.1_1090830_1091079_pos_4	0.129155	1	2
NC_064034.1_1435397_1435645_pos_5	0.277918	1	1
NC_064034.1_1495357_1495606_pos_6	0.137942	1	3
NC_064034.1_1496614_1496863_pos_7	0.170895	1	1
NC_064034.1_1538615_1538864_pos_8	0.272146	1	3
NC_064034.1_1659951_1660200_pos_9	0.0831886	1	1
NC_064034.1_1831693_1831942_pos_10	0.0844128	1	1
NC_064034.1_1877234_1877483_pos_11	0.0290408	1	1
NC_064034.1_2106172_2106421_pos_12	0.677409	1	5
NC_064034.1_2167631_2167880_pos_13	0.103942	1	1
NC_064034.1_2175040_2175289_pos_14	0.298377	1	5
NC_064034.1_2176226_2176475_pos_15	0.144032	1	5
NC_064034.1_2177523_2177772_pos_16	0.114783	1	2
NC_064034.1_2179437_2179686_pos_17	0.333786	1	1
NC_064034.1_2180326_2180575_pos_18	0.628757	1	5
NC_064034.1_2181076_2181325_pos_19	0.244414	1	4
NC_064034.1_2181547_2181796_pos_20	-0.0957413	1	4
NC_064034.1_2187099_2187348_pos_21	0.37733	1	1
NC_064034.1_2188400_2188649_pos_22	0.45701	1	3
NC_064034.1_2189127_2189376_pos_23	0.226309	1	1
NC_064034.1_2202099_2202348_pos_24	0.291607	1	5
NC_064034.1_2432708_2432957_pos_25	0.436838	1	2
NC_064034.1_2520768_2521016_pos_26	-0.120099	1	2
NC_064034.1_2578097_2578346_pos_27	0.116027	1	1
NC_064034.1_2578664_2578913_pos_28	0.504072	1	3
NC_064034.1_2712601_2712850_pos_29	0.242182	1	3
NC_064034.1_2908448_2908696_pos_30	0.122612	1	1
NC_064034.1_3022418_3022667_pos_31	0.145703	1	2
NC_064034.1_3085179_3085428_pos_32	0.250028	1	2
NC_064034.1_3165548_3165797_pos_33	0.273638	1	5
NC_064034.1_3347265_3347514_pos_34	-0.44891	1	5
NC_064034.1_3431982_3432231_pos_35	-0.0100263	1	3
NC_064034.1_3462995_3463244_pos_36	0.549414	1	5
NC_064034.1_3510465_3510714_pos_37	-0.0659238	1	5
NC_064034.1_3518236_3518484_pos_38	0.30355	1	2
NC_064034.1_3532235_3532484_pos_39	-0.0272326	1	2
NC_064034.1_3910055_3910304_pos_40	0.098514	1	4
NC_064034.1_4086014_4086263_pos_41	-0.0252915	1	4
NC_064034.1_4091229_4091478_pos_42	0.436673	1	5
NC_064034.1_4132803_4133052_pos_43	-0.0926782	1	3
NC_064034.1_4171595_4171844_pos_44	0.206257	1	4
NC_064034.1_4233823_4234072_pos_45	0.167966	1	2
NC_064034.1_4239177_4239425_pos_46	-0.268582	1	5
NC_064034.1_4269361_4269610_pos_47	0.531398	1	3
NC_064034.1_4330247_4330496_pos_48	0.276073	1	4
NC_064034.1_4330532_4330781_pos_49	0.231869	1	3
NC_064034.1_4365104_4365353_pos_50	0.612857	1	2
NC_064034.1_4388069_4388318_pos_51	0.146349	1	2
NC_064034.1_4403246_4403495_pos_52	-0.301766	1	1
NC_064034.1_4480711_4480960_pos_53	0.188809	1	5
NC_064034.1_4612917_4613165_pos_54	0.270632	1	3
NC_064034.1_4780490_4780739_pos_55	0.439477	1	2
NC_064034.1_4831723_4831972_pos_56	0.0601863	1	4
NC_064034.1_4870096_4870345_pos_57	0.217354	1	5
NC_064034.1_4870278_4870526_pos_58	0.289262	1	4
NC_064034.1_4870932_4871181_pos_59	0.280905	1	1
NC_064034.1_5011182_5011431_pos_60	0.341906	1	4
NC_064034.1_5036846_5037095_pos_61	0.165496	1	4
NC_064034.1_5133250_5133499_pos_62	0.100951	1	1
NC_064034.1_5134955_5135204_pos_63	0.237173	1	1
NC_064034.1_5220932_5221181_pos_64	0.0232994	1	4
NC_064034.1_5375474_5375723_pos_65	0.269912	1	3
NC_064034.1_5432749_5432998_pos_66	0.198174	1	1
NC_064034.1_5433195_5433444_pos_67	-0.170724	1	4
NC_064034.1_5451821_5452070_pos_68	0.241054	1	3
NC_064034.1_5452022_5452270_pos_69	-0.366748	1	2
NC_064034.1_5551631_5551879_pos_70	-0.53929	1	2
NC_064034.1_5625894_5626143_pos_71	0.519314	1	5
NC_064034.1_5627300_5627549_pos_72	-0.0391098	1	4
NC_064034.1_5630548_5630797_pos_73	0.362614	1	3
NC_064034.1_5654440_5654689_pos_74	0.123684	1	5
NC_064034.1_5722734_5722983_pos_75	0.0277054	1	5
NC_064034.1_5723589_5723838_pos_76	0.652915	1	4
NC_064034.1_5723864_5724113_pos_77	-0.0428947	1	2
NC_064034.1_5755077_5755326_pos_78	-0.0952478	1	2
NC_064034.1_5878338_5878587_pos_79	0.528162	1	5
NC_064034.1_6196297_6196546_pos_80	0.305561	1	1
NC_064034.1_6197098_6197347_pos_81	0.105914	1	1
NC_064034.1_6205536_6205785_pos_82	0.431991	1	1
NC_064034.1_6242974_6243222_pos_83	0.263803	1	5
NC_064034.1_6338857_6339105_pos_84	0.316874	1	5
NC_064034.1_6525644_6525893_pos_85	0.247236	1	3
NC_064034.1_6526178_6526427_pos_86	0.536251	1	3
NC_064034.1_6527158_6527407_pos_87	0.280727	1	5
NC_064034.1_6549145_6549394_pos_88	0.155976	1	1
NC_064034.1_6660763_6661012_pos_89	0.253759	1	2
NC_064034.1_6663132_6663381_pos_90	0.389165	1	2
NC_064034.1_6715020_6715269_pos_91	-0.0991403	1	3
NC_064034.1_6755791_6756040_pos_92	0.264794	1	3
NC_064034.1_6835110_6835358_pos_93	0.576523	1	4
NC_064034.1_6836429_6836678_pos_94	0.073014	1	2
NC_064034.1_7016168_7016417_pos_95	-0.274502	1	5
NC_064034.1_7098966_7099215_pos_96	0.0467204	1	5
NC_064034.1_7145022_7145271_pos_97	0.0521561	1	4
NC_064034.1_7179147_7179396_pos_98	0.458604	1	3
NC_064034.1_7214827_7215076_pos_99	-0.0697249	1	5
NC_064034.1_7218224_7218473_pos_100	0.174763	1	5
NC_064034.1_7218753_7219002_pos_101	0.0737355	1	2
NC_064034.1_7221409_7221658_pos_102	0.266049	1	4
NC_064034.1_7269354_7269603_pos_103	0.289628	1	3
NC_064034.1_7294999_7295248_pos_104	0.27752	1	2
NC_064034.1_7322610_7322859_pos_105	-0.418389	1	3
NC_064034.1_7325050_7325299_pos_106	0.328945	1	5
NC_064034.1_7699988_7700237_pos_107	0.428318	1	4
NC_064034.1_8059319_8059567_pos_108	-0.799604	1	5
NC_064034.1_8105646_8105895_pos_109	0.307716	1	1
NC_064034.1_8128410_8128659_pos_110	0.0495737	1	2
NC_064034.1_8173244_8173493_pos_111	-0.0102993	1	2
NC_064034.1_8212663_8212912_pos_112	0.535432	1	2
NC_064034.1_8217132_8217381_pos_113	0.402151	1	2
NC_064034.1_8245763_8246012_pos_114	-0.270298	1	5
NC_064034.1_8639711_8639960_pos_115	0.606074	1	1
NC_064034.1_8649797_8650045_pos_116	-0.187346	1	4
NC_064034.1_8773527_8773776_pos_117	0.212198	1	1
NC_064034.1_8773833_8774082_pos_118	0.355947	1	1
NC_064034.1_8774386_8774635_pos_119	0.437759	1	4
NC_064034.1_8777726_8777975_pos_120	0.153459	1	1
NC_064034.1_8779004_8779253_pos_121	0.352887	1	3
NC_064034.1_8794599_8794848_pos_122	0.0838233	1	1
NC_064034.1_8796103_8796352_pos_123	0.0706621	1	5
NC_064034.1_8801749_8801998_pos_124	-0.0778409	1	5
NC_064034.1_8827389_8827638_pos_125	0.185812	1	3
NC_064034.1_8862441_8862690_pos_126	0.0639871	1	4
NC_064034.1_8903271_8903520_pos_127	0.48429	1	3
NC_064034.1_8944553_8944802_pos_128	0.0251124	1	3
NC_064034.1_8976516_8976764_pos_129	-0.0747574	1	4
NC_064034.1_9174527_9174776_pos_130	0.12816	1	2
NC_064034.1_9182611_9182859_pos_131	0.0750009	1	4
NC_064034.1_9205001_9205250_pos_132	0.215828	1	1
NC_064034.1_9214670_9214919_pos_133	0.0236062	1	2
NC_064034.1_9331579_9331828_pos_134	0.0273854	1	3
NC_064034.1_9388446_9388695_pos_135	0.0218526	1	2
NC_064034.1_9467475_9467724_pos_136	-0.209391	1	2
NC_064034.1_9468034_9468283_pos_137	0.398671	1	5
NC_064034.1_9469081_9469330_pos_138	0.0682817	1	2
NC_064034.1_9469390_9469639_pos_139	0.31094	1	4
NC_064034.1_9469712_9469961_pos_140	0.0807393	1	3
NC_064034.1_9470730_9470979_pos_141	0.301196	1	3
NC_064034.1_9471003_9471252_pos_142	0.209196	1	1
NC_064034.1_9471282_9471531_pos_143	0.0642232	1	4
NC_064034.1_9472192_9472441_pos_144	0.56035	1	1
NC_064034.1_9640650_9640899_pos_145	0.21011	1	2
NC_064034.1_9795199_9795448_pos_146	0.0565373	1	4
NC_064034.1_9795585_9795834_pos_147	0.221495	1	1
NC_064034.1_9798551_9798800_pos_148	0.212847	1	3
NC_064034.1_9939278_9939527_pos_149	0.427655	1	3
NC_064034.1_10010522_10010770_pos_150	0.468574	1	3
NC_064034.1_10036316_10036565_pos_151	0.162625	1	3
NC_064034.1_10246956_10247204_pos_152	0.0191601	1	3
NC_064034.1_10254644_10254893_pos_153	0.158346	1	3
NC_064034.1_10283720_10283969_pos_154	0.00213393	1	4
NC_064034.1_10369314_10369562_pos_155	-0.353645	1	2
NC_064034.1_10384378_10384627_pos_156	0.202292	1	4
NC_064034.1_10490327_10490575_pos_157	-0.314783	1	3
NC_064034.1_10516733_10516982_pos_158	0.125366	1	5
NC_064034.1_10567585_10567834_pos_159	0.162264	1	5
NC_064034.1_11052826_11053074_pos_160	0.216404	1	4
NC_064034.1_11099844_11100093_pos_161	0.449001	1	4
NC_064034.1_11227371_11227620_pos_162	-0.195694	1	3
NC_064034.1_11236171_11236420_pos_163	0.273695	1	1
NC_064034.1_11247369_11247617_pos_164	-0.0523136	1	4
NC_064034.1_11287381_11287630_pos_165	0.460935	1	3
NC_064034.1_11303646_11303895_pos_166	0.322832	1	4
NC_064034.1_11419282_11419531_pos_167	0.285047	1	2
NC_064034.1_11441613_11441862_pos_168	0.243774	1	5
NC_064034.1_11581338_11581586_pos_169	-0.0936034	1	4
NC_064034.1_11678563_11678812_pos_170	0.243393	1	3
NC_064034.1_11869152_11869401_pos_171	0.365648	1	3
NC_064034.1_12230101_12230350_pos_172	0.189693	1	5
NC_064034.1_12234496_12234745_pos_173	0.620527	1	3
NC_064034.1_12416853_12417102_pos_174	0.398801	1	5
NC_064034.1_12475845_12476094_pos_175	0.103357	1	5
NC_064034.1_12606579_12606827_pos_176	0.127536	1	1
NC_064034.1_12652720_12652969_pos_177	0.38326	1	2
NC_064034.1_12743592_12743841_pos_178	0.0241927	1	4
NC_064034.1_12768972_12769221_pos_179	0.21112	1	5
NC_064034.1_12881401_12881650_pos_180	0.21102	1	5
NC_064034.1_12882864_12883113_pos_181	-0.0691817	1	3
NC_064034.1_12970747_12970996_pos_182	-0.252081	1	1
NC_064034.1_13215411_13215660_pos_183	-0.0854076	1	4
NC_064034.1_13218748_13218997_pos_184	-0.16281	1	1
NC_064034.1_13238368_13238617_pos_185	0.322552	1	5
NC_064034.1_13251557_13251806_pos_186	-0.0611342	1	4
NC_064034.1_13385391_13385640_pos_187	0.361419	1	4
NC_064034.1_13417341_13417589_pos_188	-0.251008	1	4
NC_064034.1_13432049_13432298_pos_189	0.0286119	1	1
NC_064034.1_13560145_13560393_pos_190	0.24173	1	4
NC_064034.1_13800531_13800779_pos_191	0.0521625	1	3
NC_064034.1_14042925_14043174_pos_192	-0.0313205	1	4
NC_064034.1_14234488_14234737_pos_193	0.143694	1	2
NC_064034.1_14776578_14776826_pos_194	0.0139588	1	5
NC_064034.1_14938477_14938726_pos_195	0.218345	1	5
NC_064034.1_15111659_15111907_pos_196	-0.395401	1	5
NC_064034.1_15536730_15536979_pos_197	0.194025	1	4
NC_064034.1_15780378_15780627_pos_198	0.559389	1	2
NC_064034.1_15802681_15802930_pos_199	-0.119974	1	5
NC_064034.1_15860906_15861155_pos_200	0.415608	1	4
NC_064034.1_15943985_15944233_pos_201	-0.462835	1	1
NC_064034.1_16016408_16016657_pos_202	0.428181	1	2
NC_064034.1_16075569_16075818_pos_203	0.103568	1	4
NC_064034.1_16082008_16082257_pos_204	0.286015	1	3
NC_064034.1_16229157_16229406_pos_205	0.101651	1	2
NC_064034.1_16341039_16341288_pos_206	0.617358	1	5
NC_064034.1_16393975_16394224_pos_207	0.157504	1	3
NC_064034.1_16429215_16429464_pos_208	0.241654	1	2
NC_064034.1_16498895_16499143_pos_209	0.133477	1	3
NC_064034.1_16507144_16507393_pos_210	0.25141	1	4
NC_064034.1_16581065_16581313_pos_211	0.237268	1	1
NC_064034.1_16591375_16591624_pos_212	-0.0119123	1	5
NC_064034.1_16656042_16656291_pos_213	0.29154	1	5
NC_064034.1_17189286_17189535_pos_214	0.295756	1	3
NC_064034.1_17210417_17210666_pos_215	0.375913	1	1
NC_064034.1_17275975_17276224_pos_216	0.632677	1	3
NC_064034.1_17340858_17341107_pos_217	0.315468	1	1
NC_064034.1_17365511_17365759_pos_218	0.198522	1	2
NC_064034.1_17678196_17678445_pos_219	0.13222	1	4
NC_064034.1_17680106_17680355_pos_220	0.242118	1	5
NC_064034.1_17680462_17680711_pos_221	0.756988	1	3
NC_064034.1_17683204_17683453_pos_222	0.0646377	1	1
NC_064034.1_17697383_17697632_pos_223	0.317187	1	3
NC_064034.1_17697701_17697950_pos_224	0.277059	1	4
NC_064034.1_17706263_17706512_pos_225	0.0852089	1	2
NC_064034.1_17750785_17751034_pos_226	-0.116714	1	4
NC_064034.1_17826556_17826804_pos_227	-0.268907	1	3
NC_064034.1_17842979_17843228_pos_228	0.0363198	1	1
NC_064034.1_17933438_17933687_pos_229	-0.223888	1	2
NC_064034.1_17961752_17962001_pos_230	0.494704	1	1
NC_064034.1_17962513_17962762_pos_231	0.0534256	1	4
NC_064034.1_18045858_18046107_pos_232	0.250852	1	5
NC_064034.1_18075924_18076173_pos_233	0.356391	1	1
NC_064034.1_18259188_18259436_pos_234	0.0748415	1	1
NC_064034.1_18278922_18279170_pos_235	0.3071	1	1
NC_064034.1_18279608_18279856_pos_236	0.278455	1	3
NC_064034.1_18297930_18298179_pos_237	0.0796525	1	5
NC_064034.1_18316271_18316520_pos_238	-0.127366	1	3
NC_064034.1_18317423_18317672_pos_239	-0.14232	1	5
NC_064034.1_18319099_18319348_pos_240	0.0842066	1	5
NC_064034.1_18350998_18351247_pos_241	0.342165	1	1
NC_064034.1_18385674_18385923_pos_242	0.354402	1	2
NC_064034.1_18518852_18519101_pos_243	-0.0161092	1	2
NC_064034.1_18526078_18526327_pos_244	-0.163618	1	2
NC_064034.1_18689350_18689599_pos_245	-0.0499179	1	1
NC_064034.1_18742420_18742668_pos_246	0.0251288	1	1
NC_064034.1_19006239_19006488_pos_247	0.175747	1	5
NC_064034.1_19429598_19429847_pos_248	0.195672	1	3
NC_064034.1_19524946_19525195_pos_249	0.484966	1	1
NC_064034.1_19537336_19537585_pos_250	0.126996	1	3
NC_064034.1_19574606_19574855_pos_251	0.213704	1	5
NC_064034.1_19628501_19628750_pos_252	0.010654	1	2
NC_064034.1_19629320_19629569_pos_253	-0.0821048	1	4
NC_064034.1_19905599_19905848_pos_254	0.393702	1	1
NC_064034.1_19932300_19932549_pos_255	0.177	1	3
NC_064034.1_20222153_20222402_pos_256	0.0158907	1	5
NC_064034.1_20257945_20258194_pos_257	0.211665	1	2
NC_064034.1_20584877_20585125_pos_258	0.123695	1	1
NC_064034.1_20590119_20590367_pos_259	0.038929	1	2
NC_064034.1_21015122_21015371_pos_260	-0.099405	1	4
NC_064034.1_21216513_21216762_pos_261	0.217323	1	5
NC_064034.1_21257978_21258227_pos_262	0.13757	1	2
NC_064034.1_21302120_21302369_pos_263	0.226969	1	4
NC_064034.1_21338056_21338305_pos_264	0.496847	1	4
NC_064034.1_21397689_21397937_pos_265	0.285546	1	2
NC_064034.1_21422958_21423207_pos_266	0.29486	1	2
NC_064034.1_21424059_21424308_pos_267	0.203923	1	5
NC_064034.1_21653918_21654167_pos_268	0.498634	1	5
NC_064034.1_21654900_21655149_pos_269	0.100444	1	4
NC_064034.1_21672372_21672621_pos_270	0.202145	1	4
NC_064034.1_21808874_21809123_pos_271	0.162024	1	1
NC_064034.1_21825166_21825415_pos_272	-0.012291	1	5
NC_064034.1_21838302_21838551_pos_273	0.0825725	1	3
NC_064034.1_21884075_21884323_pos_274	-0.0508207	1	4
NC_064034.1_21988334_21988582_pos_275	0.12065	1	3
NC_064034.1_22023450_22023698_pos_276	-0.201563	1	2
NC_064035.1_917131_917380_pos_277	0.47156	1	4
NC_064035.1_927369_927618_pos_278	0.29864	1	1
NC_064035.1_1010910_1011159_pos_279	0.393881	1	3
NC_064035.1_1013240_1013489_pos_280	0.521261	1	5
NC_064035.1_1014462_1014711_pos_281	0.186732	1	1
NC_064035.1_1014898_1015147_pos_282	0.143304	1	1
NC_064035.1_1016502_1016751_pos_283	0.460567	1	2
NC_064035.1_1017223_1017472_pos_284	0.241299	1	4
NC_064035.1_1023335_1023584_pos_285	-0.236594	1	3
NC_064035.1_1111028_1111277_pos_286	0.00750265	1	5
NC_064035.1_1111295_1111544_pos_287	0.128344	1	5
NC_064035.1_1113737_1113986_pos_288	-0.0604452	1	5
NC_064035.1_1164852_1165101_pos_289	0.0684653	1	5
NC_064035.1_1168457_1168706_pos_290	0.531656	1	4
NC_064035.1_1221719_1221968_pos_291	0.0765689	1	5
NC_064035.1_1375281_1375529_pos_292	0.0914761	1	2
NC_064035.1_1454406_1454655_pos_293	0.278447	1	5
NC_064035.1_1475134_1475382_pos_294	-0.34402	1	4
NC_064035.1_1824801_1825050_pos_295	0.174552	1	1
NC_064035.1_2018680_2018929_pos_296	0.241461	1	2
NC_064035.1_2019656_2019905_pos_297	0.427711	1	1
NC_064035.1_2132522_2132771_pos_298	0.479239	1	2
NC_064035.1_2147406_2147655_pos_299	0.0716908	1	1
NC_064035.1_2183727_2183976_pos_300	-0.044532	1	1
NC_064035.1_2246031_2246280_pos_301	0.377347	1	5
NC_064035.1_2308471_2308720_pos_302	0.223173	1	4
NC_064035.1_2309301_2309550_pos_303	0.462161	1	5
NC_064035.1_2313044_2313293_pos_304	0.387042	1	3
NC_064035.1_2424376_2424625_pos_305	0.354461	1	1
NC_064035.1_2504417_2504666_pos_306	0.00710795	1	1
NC_064035.1_2521157_2521405_pos_307	-0.109556	1	1
NC_064035.1_2601999_2602248_pos_308	0.244959	1	5
NC_064035.1_2707731_2707980_pos_309	0.599514	1	1
NC_064035.1_2781253_2781502_pos_310	0.317148	1	1
NC_064035.1_2782383_2782632_pos_311	0.474832	1	2
NC_064035.1_2884619_2884868_pos_312	0.0757238	1	4
NC_064035.1_2985955_2986203_pos_313	-0.385356	1	1
NC_064035.1_3014099_3014348_pos_314	0.249521	1	2
NC_064035.1_3016493_3016742_pos_315	0.229065	1	1
NC_064035.1_3070624_3070872_pos_316	-0.121317	1	3
NC_064035.1_3092450_3092699_pos_317	0.068358	1	2
NC_064035.1_3238840_3239089_pos_318	0.481255	1	4
NC_064035.1_3290692_3290941_pos_319	-0.100775	1	5
NC_064035.1_3330018_3330267_pos_320	-0.0471706	1	1
NC_064035.1_3334330_3334579_pos_321	0.222174	1	1
NC_064035.1_3420404_3420652_pos_322	0.130948	1	2
NC_064035.1_3422260_3422509_pos_323	0.553579	1	2
NC_064035.1_3503243_3503492_pos_324	0.47258	1	5
NC_064035.1_3536023_3536272_pos_325	0.190121	1	2
NC_064035.1_3536288_3536537_pos_326	0.086994	1	3
NC_064035.1_3538666_3538915_pos_327	0.262611	1	1
NC_064035.1_3540779_3541028_pos_328	0.0774835	1	3
NC_064035.1_3561236_3561485_pos_329	0.241839	1	3
NC_064035.1_3632881_3633130_pos_330	0.295469	1	1
NC_064035.1_3643063_3643312_pos_331	0.3926	1	5
NC_064035.1_3830929_3831177_pos_332	0.391595	1	4
NC_064035.1_3840970_3841219_pos_333	0.0203642	1	1
NC_064035.1_4039559_4039808_pos_334	0.195587	1	3
NC_064035.1_4111894_4112143_pos_335	0.375095	1	1
NC_064035.1_4164578_4164827_pos_336	-0.0423931	1	5
NC_064035.1_4198257_4198506_pos_337	0.0130358	1	1
NC_064035.1_4322611_4322860_pos_338	-0.107426	1	1
NC_064035.1_4332221_4332470_pos_339	0.208968	1	2
NC_064035.1_4499899_4500148_pos_340	0.170889	1	3
NC_064035.1_4845500_4845749_pos_341	0.29488	1	2
NC_064035.1_4991536_4991785_pos_342	0.441573	1	2
NC_064035.1_5120223_5120471_pos_343	-0.134263	1	1
NC_064035.1_5133617_5133866_pos_344	0.364993	1	2
NC_064035.1_5187369_5187618_pos_345	0.134165	1	3
NC_064035.1_5191882_5192131_pos_346	0.462197	1	4
NC_064035.1_5268317_5268566_pos_347	0.063324	1	4
NC_064035.1_5268587_5268836_pos_348	-0.148698	1	3
NC_064035.1_5338656_5338905_pos_349	-0.130917	1	3
NC_064035.1_5342299_5342548_pos_350	-0.0280378	1	1
NC_064035.1_5389354_5389603_pos_351	0.636353	1	3
NC_064035.1_5519420_5519669_pos_352	0.32375	1	2
NC_064035.1_5826004_5826253_pos_353	0.372658	1	2
NC_064035.1_5851278_5851527_pos_354	-0.0941332	1	2
NC_064035.1_5884161_5884410_pos_355	0.40857	1	4
NC_064035.1_5884602_5884851_pos_356	0.332166	1	3
NC_064035.1_5924144_5924393_pos_357	0.323882	1	3
NC_064035.1_5947940_5948189_pos_358	0.186348	1	4
NC_064035.1_5989651_5989899_pos_359	0.357981	1	5
NC_064035.1_6006267_6006516_pos_360	0.231949	1	4
NC_064035.1_6100755_6101004_pos_361	0.0959323	1	4
NC_064035.1_6244117_6244365_pos_362	-0.0333264	1	2
NC_064035.1_6358811_6359060_pos_363	0.312856	1	1
NC_064035.1_6403200_6403449_pos_364	0.30913	1	4
NC_064035.1_6691916_6692165_pos_365	0.0262618	1	1
NC_064035.1_6716215_6716464_pos_366	0.424186	1	3
NC_064035.1_6719588_6719837_pos_367	0.367398	1	4
NC_064035.1_6727400_6727649_pos_368	0.0311252	1	3
NC_064035.1_6897588_6897837_pos_369	0.182123	1	5
NC_064035.1_7110365_7110613_pos_370	0.294286	1	1
NC_064035.1_7159388_7159637_pos_371	-0.125991	1	1
NC_064035.1_7215617_7215866_pos_372	-0.0749741	1	3
NC_064035.1_7310503_7310752_pos_373	0.317765	1	1
NC_064035.1_7314758_7315006_pos_374	-0.241786	1	4
NC_064035.1_7461669_7461918_pos_375	0.604245	1	4
NC_064035.1_7543250_7543499_pos_376	0.271033	1	3
NC_064035.1_7573896_7574145_pos_377	0.226533	1	1
NC_064035.1_7736280_7736529_pos_378	0.214291	1	4
NC_064035.1_7758731_7758979_pos_379	-0.0615511	1	2
NC_064035.1_7819185_7819433_pos_380	0.0206412	1	2
NC_064035.1_7820269_7820518_pos_381	0.28813	1	4
NC_064035.1_7843864_7844113_pos_382	0.338959	1	2
NC_064035.1_7853618_7853867_pos_383	0.273517	1	3
NC_064035.1_7869369_7869618_pos_384	-0.489709	1	5
NC_064035.1_7870401_7870650_pos_385	-0.000337943	1	3
NC_064035.1_7870759_7871008_pos_386	0.485928	1	1
NC_064035.1_7871987_7872236_pos_387	0.654347	1	3
NC_064035.1_7887145_7887394_pos_388	0.31383	1	2
NC_064035.1_7887670_7887919_pos_389	0.0633265	1	3
NC_064035.1_7888139_7888388_pos_390	0.235488	1	5
NC_064035.1_7888552_7888801_pos_391	0.0183201	1	2
NC_064035.1_7890261_7890510_pos_392	0.0460996	1	3
NC_064035.1_7890947_7891196_pos_393	0.13119	1	5
NC_064035.1_7891454_7891703_pos_394	0.4355	1	4
NC_064035.1_7891937_7892186_pos_395	0.0396753	1	4
NC_064035.1_7892470_7892719_pos_396	0.423674	1	5
NC_064035.1_7892941_7893190_pos_397	0.159833	1	3
NC_064035.1_7893644_7893893_pos_398	0.251634	1	1
NC_064035.1_7894875_7895124_pos_399	0.24181	1	2
NC_064035.1_7895595_7895844_pos_400	0.161884	1	3
NC_064035.1_7896018_7896267_pos_401	0.180124	1	1
NC_064035.1_7896228_7896476_pos_402	-0.163776	1	4
NC_064035.1_7896720_7896969_pos_403	0.0333909	1	2
NC_064035.1_7898457_7898706_pos_404	0.257997	1	4
NC_064035.1_7901927_7902176_pos_405	-0.220338	1	5
NC_064035.1_7905127_7905376_pos_406	-0.0522522	1	2
NC_064035.1_7905448_7905697_pos_407	0.218022	1	5
NC_064035.1_7906793_7907042_pos_408	0.0740594	1	5
NC_064035.1_7926470_7926719_pos_409	0.0891093	1	5
NC_064035.1_8111629_8111878_pos_410	0.19973	1	4
NC_064035.1_8312686_8312935_pos_411	0.296334	1	5
NC_064035.1_8458761_8459009_pos_412	-0.403797	1	3
NC_064035.1_8594271_8594519_pos_413	-0.0624579	1	5
NC_064035.1_8595298_8595547_pos_414	-0.203292	1	5
NC_064035.1_8719219_8719468_pos_415	0.173785	1	4
NC_064035.1_8806704_8806953_pos_416	0.241299	1	1
NC_064035.1_8971748_8971997_pos_417	0.00344258	1	3
NC_064035.1_8987071_8987320_pos_418	0.0714524	1	1
NC_064035.1_9391869_9392118_pos_419	0.519937	1	3
NC_064035.1_9394652_9394901_pos_420	0.351572	1	2
NC_064035.1_9445961_9446209_pos_421	0.280929	1	5
NC_064035.1_9507426_9507674_pos_422	-0.078547	1	3
NC_064035.1_9509171_9509420_pos_423	0.0848209	1	3
NC_064035.1_9510937_9511186_pos_424	0.185747	1	4
NC_064035.1_9538547_9538796_pos_425	0.129569	1	3
NC_064035.1_9550136_9550385_pos_426	0.269851	1	2
NC_064035.1_9574067_9574316_pos_427	0.0297564	1	2
NC_064035.1_9639868_9640117_pos_428	0.158178	1	5
NC_064035.1_9688245_9688494_pos_429	-0.046099	1	2
NC_064035.1_9721010_9721259_pos_430	-0.210064	1	1
NC_064035.1_9721745_9721994_pos_431	0.0911818	1	5
NC_064035.1_10068876_10069125_pos_432	0.20941	1	3
NC_064035.1_10196303_10196551_pos_433	-0.296783	1	1
NC_064035.1_10252324_10252573_pos_434	0.0804947	1	5
NC_064035.1_10307142_10307391_pos_435	0.171889	1	2
NC_064035.1_10329212_10329461_pos_436	0.167083	1	5
NC_064035.1_10380135_10380384_pos_437	0.0632276	1	1
NC_064035.1_10517445_10517694_pos_438	0.159364	1	3
NC_064035.1_10541081_10541330_pos_439	0.0758586	1	3
NC_064035.1_10629721_10629969_pos_440	-0.0700098	1	2
NC_064035.1_10739734_10739983_pos_441	0.194857	1	5
NC_064035.1_10763602_10763851_pos_442	0.377413	1	3
NC_064035.1_10765320_10765569_pos_443	0.389757	1	3
NC_064035.1_10818267_10818516_pos_444	0.0800376	1	1
NC_064035.1_10970086_10970335_pos_445	0.399175	1	2
NC_064035.1_11020469_11020718_pos_446	0.225348	1	5
NC_064035.1_11205257_11205506_pos_447	-0.318026	1	2
NC_064035.1_11222819_11223067_pos_448	0.326899	1	2
NC_064035.1_11310178_11310426_pos_449	0.433264	1	2
NC_064035.1_11503877_11504126_pos_450	0.344385	1	2
NC_064035.1_11603763_11604011_pos_451	0.0931742	1	1
NC_064035.1_11716557_11716805_pos_452	-0.00312907	1	4
NC_064035.1_11737881_11738130_pos_453	0.217435	1	3
NC_064035.1_11741991_11742240_pos_454	0.430869	1	4
NC_064035.1_11824597_11824846_pos_455	0.333644	1	4
NC_064035.1_12107326_12107575_pos_456	0.528242	1	2
NC_064035.1_12110051_12110299_pos_457	-0.412754	1	3
NC_064035.1_12185433_12185682_pos_458	0.337253	1	5
NC_064035.1_12360495_12360743_pos_459	-0.0719117	1	3
NC_064035.1_12365948_12366196_pos_460	0.341693	1	3
NC_064035.1_12387326_12387575_pos_461	-0.107274	1	1
NC_064035.1_12530514_12530763_pos_462	0.375222	1	2
NC_064035.1_12535988_12536237_pos_463	0.175283	1	3
NC_064035.1_12538373_12538622_pos_464	0.294585	1	1
NC_064035.1_12642334_12642583_pos_465	0.163084	1	1
NC_064035.1_12642534_12642782_pos_466	-0.639666	1	4
NC_064035.1_12693468_12693717_pos_467	-0.0922208	1	4
NC_064035.1_12817164_12817412_pos_468	0.175718	1	1
NC_064035.1_12839097_12839346_pos_469	0.290093	1	3
NC_064035.1_12941193_12941442_pos_470	0.423971	1	1
NC_064035.1_13041502_13041750_pos_471	-0.50697	1	5
NC_064035.1_13101624_13101873_pos_472	0.239537	1	4
NC_064035.1_13102869_13103118_pos_473	0.201305	1	1
NC_064035.1_13103063_13103311_pos_474	0.161259	1	2
NC_064035.1_13103247_13103496_pos_475	-0.0590569	1	5
NC_064035.1_13171161_13171410_pos_476	0.172369	1	4
NC_064035.1_13172110_13172359_pos_477	-0.131889	1	1
NC_064035.1_13212848_13213096_pos_478	-0.261365	1	3
NC_064035.1_13326803_13327052_pos_479	0.404804	1	4
NC_064035.1_13337512_13337761_pos_480	0.156955	1	3
NC_064035.1_13388944_13389193_pos_481	0.553904	1	5
NC_064035.1_13463120_13463368_pos_482	0.0772046	1	4
NC_064035.1_13490109_13490358_pos_483	0.092588	1	5
NC_064035.1_13499438_13499686_pos_484	0.00418602	1	5
NC_064035.1_13617982_13618231_pos_485	0.19813	1	2
NC_064035.1_13618135_13618383_pos_486	-0.00204204	1	3
NC_064035.1_13665463_13665712_pos_487	0.0244109	1	1
NC_064035.1_13820848_13821096_pos_488	0.489931	1	3
NC_064035.1_13947409_13947658_pos_489	0.421204	1	4
NC_064035.1_14014058_14014307_pos_490	0.0215521	1	2
NC_064035.1_14016125_14016374_pos_491	0.123089	1	3
NC_064035.1_14187144_14187393_pos_492	0.271834	1	2
NC_064035.1_14188900_14189149_pos_493	0.167396	1	2
NC_064035.1_14189974_14190223_pos_494	-0.14272	1	1
NC_064035.1_14191250_14191499_pos_495	0.461044	1	1
NC_064035.1_14191822_14192071_pos_496	0.400654	1	1
NC_064035.1_14192146_14192395_pos_497	0.349734	1	5
NC_064035.1_14193318_14193567_pos_498	0.19944	1	5
NC_064035.1_14193852_14194101_pos_499	-0.0640189	1	4
NC_064035.1_14194601_14194850_pos_500	0.0082618	1	1
NC_064035.1_14210263_14210512_pos_501	0.254668	1	4
NC_064035.1_14441483_14441732_pos_502	0.363784	1	3
NC_064035.1_14443756_14444005_pos_503	0.0860105	1	5
NC_064035.1_14503949_14504197_pos_504	0.141117	1	4
NC_064035.1_14531073_14531322_pos_505	0.0692201	1	3
NC_064035.1_14532273_14532522_pos_506	0.380426	1	3
NC_064035.1_14532602_14532851_pos_507	0.464688	1	4
NC_064035.1_14533626_14533875_pos_508	0.113974	1	3
NC_064035.1_14545135_14545384_pos_509	-0.128638	1	2
NC_064035.1_14570576_14570825_pos_510	0.467064	1	4
NC_064035.1_14701809_14702058_pos_511	0.0725297	1	3
NC_064035.1_14708190_14708439_pos_512	0.275036	1	1
NC_064035.1_14709933_14710182_pos_513	0.294837	1	5
NC_064035.1_14712345_14712594_pos_514	0.285394	1	2
NC_064035.1_14719931_14720180_pos_515	0.452473	1	2
NC_064035.1_14803072_14803321_pos_516	0.307125	1	5
NC_064035.1_15005799_15006048_pos_517	-0.49836	1	4
NC_064035.1_15040539_15040788_pos_518	0.15669	1	5
NC_064035.1_15057736_15057984_pos_519	0.00285059	1	2
NC_064035.1_15071912_15072160_pos_520	0.295835	1	4
NC_064035.1_15145074_15145323_pos_521	0.00966485	1	4
NC_064035.1_15185086_15185335_pos_522	-0.108785	1	4
NC_064035.1_15214269_15214518_pos_523	0.0560614	1	3
NC_064035.1_15215192_15215440_pos_524	0.23371	1	2
NC_064035.1_15294728_15294977_pos_525	-0.0382943	1	5
NC_064035.1_15560639_15560887_pos_526	-0.16771	1	2
NC_064035.1_15560845_15561094_pos_527	0.0666687	1	4
NC_064035.1_15717407_15717656_pos_528	0.397381	1	3
NC_064035.1_15783666_15783914_pos_529	0.236763	1	1
NC_064035.1_15930424_15930673_pos_530	0.457704	1	4
NC_064035.1_16087019_16087268_pos_531	0.0768273	1	4
NC_064035.1_16094280_16094529_pos_532	-0.0269974	1	5
NC_064035.1_16127166_16127414_pos_533	0.206433	1	5
NC_064035.1_16220174_16220422_pos_534	0.00562683	1	4
NC_064035.1_16299410_16299659_pos_535	0.0702973	1	3
NC_064035.1_16300777_16301026_pos_536	-0.163134	1	4
NC_064035.1_16339510_16339759_pos_537	0.392664	1	1
NC_064035.1_16341232_16341481_pos_538	0.346146	1	3
NC_064035.1_16343586_16343835_pos_539	0.0553462	1	1
NC_064035.1_16349976_16350225_pos_540	0.0636401	1	2
NC_064035.1_16350591_16350840_pos_541	0.0810639	1	2
NC_064035.1_16351570_16351819_pos_542	0.0135568	1	5
NC_064035.1_16352632_16352881_pos_543	0.411227	1	5
NC_064035.1_16357490_16357739_pos_544	0.0722778	1	4
NC_064035.1_16374735_16374983_pos_545	0.464001	1	2
NC_064035.1_16563809_16564058_pos_546	0.375744	1	3
NC_064035.1_16584978_16585227_pos_547	0.0994559	1	5
NC_064035.1_16585682_16585931_pos_548	0.309092	1	4
NC_064035.1_16586172_16586421_pos_549	0.317383	1	1
NC_064035.1_16587761_16588010_pos_550	-0.347426	1	1
NC_064035.1_16737505_16737754_pos_551	0.0536792	1	1
NC_064035.1_16754033_16754282_pos_552	0.152754	1	5
NC_064035.1_16754595_16754844_pos_553	0.121572	1	2
NC_064035.1_16756128_16756377_pos_554	-0.23473	1	5
NC_064035.1_16918246_16918495_pos_555	0.40547	1	1
NC_064035.1_17013965_17014213_pos_556	-0.321323	1	1
NC_064035.1_17019744_17019993_pos_557	0.169339	1	3
NC_064035.1_17085443_17085691_pos_558	0.0811208	1	3
NC_064035.1_17108590_17108838_pos_559	-0.0236328	1	2
NC_064035.1_17207213_17207462_pos_560	0.290824	1	1
NC_064035.1_17300872_17301121_pos_561	0.213102	1	4
NC_064035.1_17352721_17352970_pos_562	0.356417	1	3
NC_064035.1_17409618_17409867_pos_563	0.134213	1	2
NC_064035.1_17431029_17431278_pos_564	-0.184253	1	4
NC_064035.1_17497762_17498011_pos_565	0.31759	1	3
NC_064035.1_17601731_17601980_pos_566	0.363434	1	5
NC_064035.1_17672278_17672527_pos_567	-0.00842386	1	1
NC_064035.1_17693444_17693693_pos_568	0.270889	1	4
NC_064035.1_17708891_17709140_pos_569	0.267483	1	4
NC_064035.1_18049522_18049771_pos_570	0.364939	1	1
NC_064035.1_18091617_18091866_pos_571	-0.127444	1	5
NC_064035.1_18092927_18093176_pos_572	0.337552	1	3
NC_064035.1_18340752_18341001_pos_573	-0.06878	1	4
NC_064035.1_18357641_18357890_pos_574	0.378317	1	1
NC_064035.1_18736733_18736982_pos_575	0.147659	1	5
NC_064035.1_18864143_18864392_pos_576	0.384394	1	2
NC_064035.1_18967630_18967878_pos_577	0.0816988	1	4
NC_064035.1_18973722_18973970_pos_578	0.0985887	1	1
NC_064035.1_19142654_19142902_pos_579	0.215542	1	2
NC_064035.1_19213234_19213483_pos_580	0.252688	1	1
NC_064035.1_19266570_19266819_pos_581	-0.0662325	1	5
NC_064035.1_19279890_19280139_pos_582	0.0116865	1	5
NC_064035.1_19291852_19292101_pos_583	0.430961	1	5
NC_064035.1_19295397_19295646_pos_584	0.474381	1	2
NC_064035.1_19298172_19298421_pos_585	0.344207	1	5
NC_064035.1_19330255_19330504_pos_586	-0.0926377	1	1
NC_064035.1_19330956_19331205_pos_587	0.511226	1	5
NC_064035.1_19336867_19337116_pos_588	0.134588	1	2
NC_064035.1_19359454_19359703_pos_589	0.115704	1	3
NC_064035.1_19597867_19598116_pos_590	0.320364	1	4
NC_064035.1_19636337_19636585_pos_591	0.105361	1	3
NC_064035.1_19795603_19795851_pos_592	0.377322	1	3
NC_064035.1_19796328_19796577_pos_593	-0.0304993	1	5
NC_064035.1_19881485_19881734_pos_594	0.335895	1	1
NC_064035.1_19966527_19966775_pos_595	0.213265	1	1
NC_064035.1_19967652_19967901_pos_596	0.27061	1	4
NC_064035.1_19974868_19975117_pos_597	0.374636	1	2
NC_064035.1_19980521_19980769_pos_598	0.333578	1	2
NC_064035.1_20047315_20047563_pos_599	0.406821	1	2
NC_064035.1_20136544_20136792_pos_600	-0.0777315	1	2
NC_064035.1_20324160_20324409_pos_601	0.00240652	1	4
NC_064035.1_20580703_20580952_pos_602	0.134494	1	5
NC_064035.1_20649697_20649946_pos_603	0.32577	1	1
NC_064035.1_20697146_20697395_pos_604	0.100932	1	1
NC_064035.1_20779115_20779363_pos_605	-0.125861	1	1
NC_064035.1_20868670_20868919_pos_606	0.739709	1	3
NC_064035.1_20871299_20871548_pos_607	0.369991	1	5
NC_064035.1_20881256_20881504_pos_608	0.178003	1	2
NC_064035.1_21114828_21115077_pos_609	-0.00328503	1	3
NC_064035.1_21117897_21118146_pos_610	0.464474	1	2
NC_064035.1_21243349_21243597_pos_611	0.170023	1	2
NC_064035.1_21313615_21313863_pos_612	0.0532445	1	1
NC_064035.1_21325089_21325338_pos_613	0.16504	1	3
NC_064035.1_21360469_21360717_pos_614	0.159343	1	4
NC_064035.1_21394447_21394696_pos_615	0.493062	1	1
NC_064035.1_21395902_21396151_pos_616	-0.136663	1	5
NC_064035.1_21400031_21400280_pos_617	0.0624	1	5
NC_064035.1_21422615_21422863_pos_618	0.0730737	1	5
NC_064035.1_21532589_21532838_pos_619	-0.438205	1	2
NC_064035.1_21549039_21549288_pos_620	-0.0154727	1	4
NC_064035.1_21661388_21661637_pos_621	-0.0696586	1	2
NC_064035.1_21686119_21686368_pos_622	0.22116	1	5
NC_064035.1_21802330_21802579_pos_623	-0.466701	1	4
NC_064035.1_21876768_21877017_pos_624	0.167024	1	2
NC_064036.1_637064_637313_pos_625	-0.0286976	1	1
NC_064036.1_728688_728937_pos_626	0.0103673	1	5
NC_064036.1_786352_786601_pos_627	0.47366	1	1
NC_064036.1_851109_851358_pos_628	-0.230009	1	3
NC_064036.1_1460157_1460406_pos_629	0.0828304	1	1
NC_064036.1_1468812_1469060_pos_630	-0.338844	1	4
NC_064036.1_1628519_1628768_pos_631	0.468135	1	3
NC_064036.1_1677180_1677429_pos_632	0.0941458	1	3
NC_064036.1_1691699_1691948_pos_633	-0.754559	1	3
NC_064036.1_1782786_1783034_pos_634	-0.190767	1	5
NC_064036.1_1804265_1804514_pos_635	0.163194	1	1
NC_064036.1_1891101_1891350_pos_636	0.278525	1	1
NC_064036.1_2107205_2107454_pos_637	0.432871	1	3
NC_064036.1_2229763_2230011_pos_638	-0.274965	1	5
NC_064036.1_2237911_2238160_pos_639	0.178492	1	3
NC_064036.1_2250168_2250417_pos_640	0.276673	1	1
NC_064036.1_2279552_2279801_pos_641	0.233582	1	1
NC_064036.1_2421847_2422096_pos_642	0.0780147	1	4
NC_064036.1_2482503_2482751_pos_643	-0.0473761	1	3
NC_064036.1_2492839_2493088_pos_644	0.224741	1	3
NC_064036.1_2601355_2601604_pos_645	-0.157938	1	5
NC_064036.1_2601762_2602011_pos_646	0.326745	1	1
NC_064036.1_2640627_2640876_pos_647	0.235917	1	3
NC_064036.1_2642856_2643105_pos_648	0.464558	1	2
NC_064036.1_2692525_2692774_pos_649	0.46996	1	5
NC_064036.1_2833028_2833277_pos_650	0.382785	1	5
NC_064036.1_2924442_2924690_pos_651	-0.0488435	1	2
NC_064036.1_2932351_2932600_pos_652	-0.114936	1	4
NC_064036.1_2937548_2937797_pos_653	0.0444841	1	4
NC_064036.1_3190540_3190788_pos_654	0.00858053	1	2
NC_064036.1_3212184_3212433_pos_655	0.991841	1	2
NC_064036.1_3239040_3239288_pos_656	0.261196	1	2
NC_064036.1_3249117_3249365_pos_657	0.0147302	1	4
NC_064036.1_3429036_3429284_pos_658	0.137876	1	2
NC_064036.1_3556083_3556332_pos_659	0.229627	1	2
NC_064036.1_3556251_3556499_pos_660	0.363291	1	2
NC_064036.1_3556412_3556661_pos_661	0.608997	1	3
NC_064036.1_3569018_3569267_pos_662	0.276135	1	4
NC_064036.1_3570580_3570829_pos_663	0.667621	1	1
NC_064036.1_3677532_3677781_pos_664	0.264139	1	5
NC_064036.1_3742219_3742468_pos_665	0.293066	1	3
NC_064036.1_3742873_3743122_pos_666	0.320653	1	5
NC_064036.1_3812539_3812788_pos_667	-0.0884487	1	3
NC_064036.1_3877129_3877377_pos_668	0.233792	1	1
NC_064036.1_3894118_3894367_pos_669	0.258052	1	3
NC_064036.1_3908422_3908671_pos_670	-0.198254	1	1
NC_064036.1_3964952_3965201_pos_671	0.222703	1	3
NC_064036.1_4030555_4030804_pos_672	0.454374	1	1
NC_064036.1_4105015_4105264_pos_673	0.159138	1	5
NC_064036.1_4204963_4205212_pos_674	0.222597	1	1
NC_064036.1_4475370_4475619_pos_675	0.243212	1	1
NC_064036.1_4604277_4604526_pos_676	0.382504	1	2
NC_064036.1_4653232_4653481_pos_677	0.506657	1	1
NC_064036.1_4813174_4813423_pos_678	-0.0858499	1	2
NC_064036.1_4816717_4816966_pos_679	0.0723592	1	5
NC_064036.1_4822054_4822303_pos_680	0.217385	1	1
NC_064036.1_5064883_5065132_pos_681	0.381117	1	5
NC_064036.1_5067794_5068043_pos_682	0.226264	1	5
NC_064036.1_5368507_5368756_pos_683	-0.19061	1	3
NC_064036.1_5370168_5370416_pos_684	-0.338621	1	3
NC_064036.1_5444677_5444925_pos_685	0.145165	1	1
NC_064036.1_5531336_5531585_pos_686	-0.121851	1	5
NC_064036.1_5624642_5624891_pos_687	0.742277	1	4
NC_064036.1_5679969_5680218_pos_688	0.153249	1	4
NC_064036.1_5775612_5775861_pos_689	0.4276	1	4
NC_064036.1_5784271_5784520_pos_690	0.0338868	1	2
NC_064036.1_5786239_5786488_pos_691	0.388723	1	2
NC_064036.1_5790434_5790683_pos_692	0.101906	1	4
NC_064036.1_5791831_5792080_pos_693	0.188705	1	2
NC_064036.1_5792856_5793105_pos_694	0.693848	1	2
NC_064036.1_5908384_5908633_pos_695	0.0123368	1	2
NC_064036.1_5999391_5999640_pos_696	0.433988	1	1
NC_064036.1_6031971_6032220_pos_697	0.209832	1	4
NC_064036.1_6046432_6046681_pos_698	0.18857	1	3
NC_064036.1_6058560_6058809_pos_699	0.292194	1	2
NC_064036.1_6109253_6109502_pos_700	0.542453	1	4
NC_064036.1_6109803_6110052_pos_701	0.388468	1	2
NC_064036.1_6142969_6143218_pos_702	0.135367	1	4
NC_064036.1_6143290_6143539_pos_703	0.0358056	1	2
NC_064036.1_6150245_6150493_pos_704	-0.163142	1	1
NC_064036.1_6258678_6258927_pos_705	0.0920019	1	4
NC_064036.1_6346443_6346692_pos_706	0.12884	1	2
NC_064036.1_6356839_6357088_pos_707	0.537776	1	3
NC_064036.1_6382139_6382388_pos_708	0.283098	1	2
NC_064036.1_6437801_6438050_pos_709	0.253601	1	2
NC_064036.1_6492918_6493166_pos_710	0.110712	1	4
NC_064036.1_6619882_6620131_pos_711	-0.00523126	1	5
NC_064036.1_6620250_6620499_pos_712	-0.38177	1	5
NC_064036.1_6662154_6662402_pos_713	0.0550096	1	4
NC_064036.1_6662331_6662580_pos_714	0.205911	1	1
NC_064036.1_6913058_6913307_pos_715	0.581151	1	2
NC_064036.1_6983031_6983280_pos_716	-0.0398254	1	5
NC_064036.1_6984515_6984764_pos_717	-0.135996	1	4
NC_064036.1_6985351_6985600_pos_718	-0.216228	1	4
NC_064036.1_7101861_7102110_pos_719	0.332316	1	2
NC_064036.1_7229504_7229752_pos_720	-0.23815	1	3
NC_064036.1_7255657_7255906_pos_721	0.358948	1	5
NC_064036.1_7366484_7366733_pos_722	0.3111	1	4
NC_064036.1_7376522_7376770_pos_723	0.0841994	1	3
NC_064036.1_7386041_7386290_pos_724	0.203415	1	5
NC_064036.1_7564178_7564427_pos_725	0.385662	1	4
NC_064036.1_7583065_7583314_pos_726	0.398345	1	1
NC_064036.1_7740249_7740498_pos_727	0.142165	1	3
NC_064036.1_7764046_7764294_pos_728	-0.0858107	1	4
NC_064036.1_7868405_7868654_pos_729	-0.0589269	1	3
NC_064036.1_7877979_7878228_pos_730	-0.0891627	1	5
NC_064036.1_8033391_8033640_pos_731	0.0720545	1	4
NC_064036.1_8036508_8036757_pos_732	-0.0718341	1	5
NC_064036.1_8046046_8046295_pos_733	0.172218	1	5
NC_064036.1_8196694_8196942_pos_734	0.290811	1	2
NC_064036.1_8205632_8205881_pos_735	-0.00876419	1	4
NC_064036.1_8345450_8345699_pos_736	0.232333	1	5
NC_064036.1_8429228_8429477_pos_737	0.264037	1	5
NC_064036.1_8443153_8443402_pos_738	0.279275	1	5
NC_064036.1_8482014_8482263_pos_739	0.207893	1	1
NC_064036.1_9040324_9040573_pos_740	0.0276941	1	2
NC_064036.1_9182521_9182769_pos_741	-0.0872181	1	3
NC_064036.1_9415978_9416227_pos_742	0.33945	1	4
NC_064036.1_9420585_9420834_pos_743	0.0419601	1	3
NC_064036.1_9580178_9580426_pos_744	0.16983	1	5
NC_064036.1_9670626_9670875_pos_745	0.369144	1	1
NC_064036.1_9678632_9678881_pos_746	0.0531178	1	4
NC_064036.1_9678786_9679034_pos_747	-0.0222886	1	4
NC_064036.1_9690800_9691049_pos_748	0.228636	1	4
NC_064036.1_9722676_9722924_pos_749	-0.0242212	1	4
NC_064036.1_9730572_9730821_pos_750	-0.00139491	1	1
NC_064036.1_9732913_9733162_pos_751	0.486551	1	2
NC_064036.1_9736958_9737207_pos_752	0.363032	1	2
NC_064036.1_9738956_9739205_pos_753	-0.265113	1	1
NC_064036.1_9823166_9823415_pos_754	0.204361	1	1
NC_064036.1_9980972_9981221_pos_755	-0.0829221	1	3
NC_064036.1_10021971_10022220_pos_756	0.549335	1	3
NC_064036.1_10022124_10022372_pos_757	-0.103822	1	5
NC_064036.1_10036816_10037065_pos_758	0.0099513	1	5
NC_064036.1_10038594_10038843_pos_759	0.51369	1	4
NC_064036.1_10082630_10082879_pos_760	0.198504	1	4
NC_064036.1_10096082_10096330_pos_761	-0.211067	1	3
NC_064036.1_10103837_10104086_pos_762	0.0725494	1	2
NC_064036.1_10240218_10240467_pos_763	0.219247	1	3
NC_064036.1_10265989_10266238_pos_764	0.270175	1	1
NC_064036.1_10267327_10267576_pos_765	0.220227	1	4
NC_064036.1_10273279_10273528_pos_766	0.410714	1	2
NC_064036.1_10316916_10317165_pos_767	0.525684	1	1
NC_064036.1_10319292_10319541_pos_768	0.145262	1	2
NC_064036.1_10319607_10319856_pos_769	0.0827884	1	5
NC_064036.1_10321042_10321291_pos_770	-0.000874977	1	4
NC_064036.1_10486116_10486365_pos_771	0.528362	1	3
NC_064036.1_10599026_10599275_pos_772	0.370276	1	4
NC_064036.1_10659502_10659750_pos_773	-0.0367359	1	2
NC_064036.1_10682736_10682985_pos_774	0.178005	1	1
NC_064036.1_10755168_10755416_pos_775	0.00841223	1	1
NC_064036.1_10908191_10908440_pos_776	0.1313	1	3
NC_064036.1_10978321_10978570_pos_777	-0.170268	1	1
NC_064036.1_10979712_10979961_pos_778	0.340137	1	3
NC_064036.1_11203720_11203969_pos_779	0.290128	1	2
NC_064036.1_11205921_11206170_pos_780	0.541742	1	3
NC_064036.1_11208485_11208734_pos_781	-0.622555	1	5
NC_064036.1_11212621_11212870_pos_782	-0.16079	1	3
NC_064036.1_11272498_11272747_pos_783	0.182074	1	1
NC_064036.1_11328910_11329159_pos_784	0.174355	1	2
NC_064036.1_11408262_11408510_pos_785	0.326892	1	5
NC_064036.1_11660462_11660711_pos_786	-0.158409	1	3
NC_064036.1_11708990_11709238_pos_787	0.0449672	1	5
NC_064036.1_11833036_11833284_pos_788	0.106643	1	5
NC_064036.1_11996614_11996863_pos_789	0.45913	1	1
NC_064036.1_12004798_12005047_pos_790	0.0877059	1	2
NC_064036.1_12030804_12031053_pos_791	-0.0302047	1	2
NC_064036.1_12236115_12236364_pos_792	-0.329303	1	1
NC_064036.1_12272239_12272488_pos_793	0.0660979	1	1
NC_064036.1_12693327_12693576_pos_794	0.252954	1	3
NC_064036.1_12868243_12868491_pos_795	0.183189	1	3
NC_064036.1_12884087_12884336_pos_796	0.124952	1	3
NC_064036.1_12915041_12915290_pos_797	0.307362	1	5
NC_064036.1_12980127_12980376_pos_798	0.0982409	1	3
NC_064036.1_12994635_12994884_pos_799	0.540395	1	2
NC_064036.1_13002999_13003248_pos_800	0.39201	1	2
NC_064036.1_13146781_13147030_pos_801	-0.0403397	1	1
NC_064036.1_13147720_13147968_pos_802	0.225786	1	4
NC_064036.1_13251741_13251989_pos_803	0.385926	1	5
NC_064036.1_13339327_13339576_pos_804	0.0790775	1	4
NC_064036.1_13474264_13474513_pos_805	-0.114163	1	5
NC_064036.1_13475323_13475572_pos_806	-0.0761664	1	5
NC_064036.1_13492608_13492857_pos_807	0.354245	1	1
NC_064036.1_13585313_13585562_pos_808	0.102931	1	5
NC_064036.1_13593880_13594129_pos_809	0.131644	1	4
NC_064036.1_13630646_13630895_pos_810	-0.00994745	1	4
NC_064036.1_13631330_13631578_pos_811	0.101707	1	4
NC_064036.1_13631525_13631774_pos_812	0.551719	1	2
NC_064036.1_13632100_13632349_pos_813	0.0300237	1	5
NC_064036.1_13632461_13632710_pos_814	0.479848	1	2
NC_064036.1_13642550_13642799_pos_815	0.532898	1	1
NC_064036.1_13652318_13652566_pos_816	0.416363	1	5
NC_064036.1_13723022_13723271_pos_817	0.392383	1	2
NC_064036.1_13776031_13776280_pos_818	0.316781	1	5
NC_064036.1_13777155_13777404_pos_819	0.225075	1	4
NC_064036.1_13823169_13823418_pos_820	0.383248	1	3
NC_064036.1_13823740_13823989_pos_821	0.024273	1	3
NC_064036.1_13935158_13935407_pos_822	0.0428016	1	3
NC_064036.1_13976922_13977171_pos_823	0.00777645	1	4
NC_064036.1_13987527_13987775_pos_824	-0.151958	1	4
NC_064036.1_14040976_14041225_pos_825	-0.0668562	1	2
NC_064036.1_14076422_14076671_pos_826	0.279647	1	4
NC_064036.1_14098189_14098438_pos_827	-0.114263	1	1
NC_064036.1_14099730_14099979_pos_828	0.150393	1	2
NC_064036.1_14100442_14100691_pos_829	0.486349	1	1
NC_064036.1_14358224_14358473_pos_830	-0.0646792	1	3
NC_064036.1_14445216_14445465_pos_831	0.60726	1	2
NC_064036.1_14510777_14511026_pos_832	0.184535	1	4
NC_064036.1_14551351_14551600_pos_833	0.0237842	1	2
NC_064036.1_14580747_14580996_pos_834	0.0700406	1	2
NC_064036.1_14882171_14882420_pos_835	0.416482	1	5
NC_064036.1_14993094_14993343_pos_836	0.147991	1	3
NC_064036.1_15243787_15244036_pos_837	0.134031	1	2
NC_064036.1_15365814_15366063_pos_838	0.592697	1	5
NC_064036.1_15459131_15459380_pos_839	0.237588	1	4
NC_064036.1_15466077_15466325_pos_840	0.184906	1	5
NC_064036.1_17902824_17903073_pos_841	0.252729	1	4
NC_064036.1_17954927_17955176_pos_842	0.209059	1	4
NC_064036.1_17989781_17990030_pos_843	0.0872364	1	4
NC_064036.1_17990472_17990721_pos_844	0.208841	1	4
NC_064036.1_17990827_17991076_pos_845	0.344618	1	1
NC_064036.1_17991017_17991265_pos_846	-0.000585514	1	1
NC_064036.1_17991523_17991772_pos_847	0.128068	1	3
NC_064036.1_17992551_17992800_pos_848	0.361145	1	4
NC_064036.1_17992805_17993054_pos_849	0.603681	1	3
NC_064036.1_18171463_18171712_pos_850	0.0177106	1	1
NC_064036.1_18318098_18318346_pos_851	0.205939	1	5
NC_064036.1_18336309_18336557_pos_852	0.100452	1	4
NC_064045.1_8969866_8970115_neg_1	-0.114982	-1	5
NC_064048.1_3057578_3057827_neg_2	0.0401912	-1	2
NC_064048.1_8964795_8965043_neg_3	-0.302812	-1	1
NC_064038.1_15972087_15972336_neg_4	-0.456471	-1	4
NC_064037.1_8341525_8341774_neg_5	-0.0341469	-1	3
NC_064048.1_9560044_9560292_neg_6	-0.233128	-1	3
NC_064035.1_3736957_3737206_neg_7	0.0527889	-1	2
NC_064047.1_13027162_13027411_neg_8	-0.408296	-1	5
NC_064039.1_3880086_3880335_neg_9	-0.0891699	-1	1
NC_064035.1_11296811_11297060_neg_10	-0.315921	-1	1
NC_064042.1_14807418_14807666_neg_11	-0.181581	-1	1
NC_064038.1_6403422_6403671_neg_12	0.301943	-1	3
NC_064042.1_6754229_6754478_neg_13	-0.448067	-1	2
NC_064043.1_6296085_6296333_neg_14	0.120599	-1	1
NC_064044.1_365163_365412_neg_15	-0.847746	-1	5
NC_064035.1_15932466_15932715_neg_16	0.550139	-1	3
NC_064038.1_8802019_8802267_neg_17	0.191159	-1	5
NC_064038.1_11258615_11258864_neg_18	-0.110867	-1	5
NC_064048.1_9844093_9844342_neg_19	-0.0681568	-1	2
NC_064040.1_16336389_16336638_neg_20	-0.541579	-1	3
NC_064046.1_3863092_3863341_neg_21	-0.806264	-1	4
NC_064047.1_7508777_7509026_neg_22	-0.54588	-1	4
NC_064039.1_6352422_6352671_neg_23	0.121601	-1	1
NC_064036.1_16770404_16770653_neg_24	0.0456263	-1	2
NC_064035.1_3172841_3173090_neg_25	-0.212378	-1	3
NC_064046.1_757921_758170_neg_26	-0.53519	-1	5
NC_064046.1_6350092_6350341_neg_27	0.174781	-1	5
NC_064036.1_8476830_8477079_neg_28	-0.079485	-1	2
NC_064047.1_5986649_5986898_neg_29	0.333338	-1	5
NC_064045.1_4666066_4666315_neg_30	-0.523928	-1	2
NC_064039.1_8420296_8420544_neg_31	-0.0990858	-1	2
NC_064037.1_4056184_4056433_neg_32	-0.0895909	-1	3
NC_064036.1_15099057_15099305_neg_33	-0.490493	-1	1
NC_064042.1_6252362_6252611_neg_34	-0.248092	-1	5
NC_064038.1_2072248_2072497_neg_35	-0.884722	-1	5
NC_064045.1_8157991_8158240_neg_36	0.195465	-1	1
NC_064041.1_5149867_5150115_neg_37	-0.117622	-1	1
NC_064037.1_3931687_3931936_neg_38	-0.29202	-1	5
NC_064036.1_15762239_15762488_neg_39	-0.409688	-1	5
NC_064038.1_13102084_13102332_neg_40	-0.153124	-1	1
NC_064043.1_7003259_7003507_neg_41	-0.240397	-1	3
NC_064041.1_3106618_3106867_neg_42	0.231195	-1	2
NC_064036.1_12186889_12187137_neg_43	-0.260883	-1	4
NC_064036.1_10235137_10235386_neg_44	0.0311493	-1	3
NC_064037.1_18650766_18651015_neg_45	-0.231069	-1	5
NC_064037.1_14390423_14390672_neg_46	-0.261263	-1	3
NC_064048.1_1844677_1844925_neg_47	-0.321457	-1	3
NC_064047.1_1656915_1657164_neg_48	-0.055066	-1	5
NC_064044.1_6888537_6888786_neg_49	-0.155171	-1	4
NC_064038.1_16759534_16759783_neg_50	-0.235257	-1	4
NC_064044.1_12112178_12112426_neg_51	-0.165122	-1	4
NC_064037.1_7489262_7489511_neg_52	0.191164	-1	3
NC_064045.1_9289066_9289314_neg_53	-0.00113151	-1	2
NC_064038.1_2293102_2293351_neg_54	0.129757	-1	2
NC_064037.1_2525610_2525858_neg_55	0.313236	-1	5
NC_064038.1_17097286_17097535_neg_56	-0.895254	-1	2
NC_064038.1_3101605_3101854_neg_57	0.314707	-1	5
NC_064040.1_3788812_3789061_neg_58	-0.0147607	-1	5
NC_064037.1_18017913_18018162_neg_59	-0.143588	-1	3
NC_064038.1_7065539_7065787_neg_60	0.190124	-1	1
NC_064045.1_11544099_11544347_neg_61	-0.501624	-1	2
NC_064045.1_10767215_10767463_neg_62	-0.00172981	-1	1
NC_064042.1_283672_283921_neg_63	-0.317843	-1	2
NC_064036.1_15728831_15729079_neg_64	-0.303297	-1	1
NC_064043.1_7183496_7183745_neg_65	-0.0936532	-1	4
NC_064036.1_3554563_3554812_neg_66	-0.146604	-1	4
NC_064041.1_10971566_10971815_neg_67	-0.488311	-1	3
NC_064037.1_6312485_6312734_neg_68	-0.393409	-1	4
NC_064045.1_16234441_16234690_neg_69	-0.128896	-1	3
NC_064046.1_1507924_1508173_neg_70	-0.0426679	-1	3
NC_064038.1_8877469_8877718_neg_71	-0.100027	-1	2
NC_064044.1_10825985_10826234_neg_72	0.184543	-1	2
NC_064037.1_12581784_12582033_neg_73	-0.844358	-1	5
NC_064036.1_18464541_18464790_neg_74	0.0777699	-1	3
NC_064047.1_13275196_13275445_neg_75	0.349305	-1	1
NC_064048.1_5022484_5022732_neg_76	0.080394	-1	3
NC_064038.1_1495551_1495799_neg_77	-0.925492	-1	5
NC_064040.1_6164960_6165209_neg_78	-0.440649	-1	4
NC_064035.1_5712526_5712774_neg_79	0.123994	-1	5
NC_064041.1_14186010_14186258_neg_80	-0.30391	-1	4
NC_064045.1_7839830_7840078_neg_81	-0.215102	-1	3
NC_064048.1_9362424_9362673_neg_82	0.118145	-1	5
NC_064038.1_14369462_14369711_neg_83	-0.38287	-1	3
NC_064038.1_18747500_18747749_neg_84	-0.722828	-1	1
NC_064036.1_20251015_20251264_neg_85	-1.3596	-1	4
NC_064038.1_16119109_16119357_neg_86	-0.408748	-1	4
NC_064035.1_8348311_8348559_neg_87	-0.362288	-1	3
NC_064040.1_4842009_4842258_neg_88	-0.593608	-1	2
NC_064043.1_4008981_4009230_neg_89	0.0103719	-1	2
NC_064047.1_7065921_7066170_neg_90	-0.0172605	-1	2
NC_064044.1_2895706_2895955_neg_91	-0.0282293	-1	4
NC_064039.1_13997038_13997287_neg_92	-0.00973448	-1	3
NC_064045.1_9682489_9682738_neg_93	-0.262884	-1	2
NC_064043.1_9991596_9991845_neg_94	-0.26269	-1	4
NC_064036.1_15822779_15823027_neg_95	-0.211081	-1	4
NC_064037.1_10117312_10117560_neg_96	-0.284593	-1	2
NC_064043.1_917814_918063_neg_97	-0.148359	-1	3
NC_064035.1_1558015_1558263_neg_98	-0.015968	-1	3
NC_064042.1_15556761_15557010_neg_99	-0.0369938	-1	4
NC_064043.1_5360046_5360294_neg_100	0.21218	-1	3
NC_064039.1_233538_233787_neg_101	-0.540011	-1	3
NC_064046.1_14063858_14064106_neg_102	-0.399155	-1	3
NC_064041.1_16847971_16848219_neg_103	-0.140997	-1	3
NC_064044.1_15430033_15430282_neg_104	0.272037	-1	3
NC_064037.1_9500652_9500900_neg_105	-0.0406301	-1	3
NC_064044.1_9135872_9136120_neg_106	0.202463	-1	2
NC_064043.1_4289833_4290081_neg_107	-0.335087	-1	3
NC_064046.1_15745392_15745641_neg_108	-0.961128	-1	5
NC_064042.1_6208518_6208766_neg_109	-0.000462863	-1	1
NC_064037.1_6051015_6051263_neg_110	-0.193389	-1	2
NC_064044.1_8660032_8660281_neg_111	0.168566	-1	1
NW_026019271.1_2615_2864_neg_112	-0.188033	-1	4
NC_064046.1_10574826_10575075_neg_113	-0.0585425	-1	2
NC_064043.1_6429603_6429851_neg_114	-0.290682	-1	4
NC_064036.1_4207214_4207462_neg_115	-0.241949	-1	1
NC_064038.1_15477374_15477623_neg_116	-0.493014	-1	4
NC_064045.1_7151038_7151287_neg_117	0.367382	-1	3
NC_064047.1_2632580_2632829_neg_118	-0.0279564	-1	1
NC_064047.1_6512844_6513093_neg_119	-0.492822	-1	2
NC_064038.1_11815175_11815423_neg_120	-0.117832	-1	2
NC_064043.1_14062482_14062731_neg_121	0.319888	-1	3
NC_064035.1_20533842_20534091_neg_122	0.062125	-1	1
NC_064039.1_4057573_4057822_neg_123	-0.856341	-1	2
NC_064036.1_13129526_13129774_neg_124	-0.135373	-1	3
NC_064039.1_10640367_10640616_neg_125	-0.0491089	-1	4
NC_064044.1_2809972_2810220_neg_126	0.316995	-1	1
NC_064037.1_7479087_7479336_neg_127	-0.314308	-1	4
NC_064040.1_8812008_8812257_neg_128	-0.165276	-1	5
NC_064038.1_18130889_18131138_neg_129	-0.250539	-1	5
NC_064046.1_9162381_9162630_neg_130	-0.399602	-1	5
NC_064048.1_5559847_5560096_neg_131	-0.498374	-1	1
NC_064037.1_1521672_1521920_neg_132	-0.159109	-1	3
NC_064043.1_4038687_4038935_neg_133	-0.263756	-1	3
NC_064042.1_7786581_7786830_neg_134	-0.548853	-1	2
NC_064035.1_9073246_9073495_neg_135	0.0496367	-1	5
NC_064034.1_7881090_7881339_neg_136	-0.250647	-1	5
NC_064039.1_5003070_5003318_neg_137	-0.248902	-1	3
NC_064036.1_3711409_3711657_neg_138	-0.130695	-1	4
NC_064041.1_10390480_10390728_neg_139	0.274084	-1	5
NC_064040.1_10033819_10034067_neg_140	0.0161852	-1	4
NC_064035.1_9676885_9677134_neg_141	-0.138652	-1	4
NC_064048.1_11463201_11463449_neg_142	-0.487131	-1	2
NC_064040.1_15204534_15204782_neg_143	-0.244751	-1	4
NC_064040.1_5601198_5601447_neg_144	0.0540457	-1	3
NC_064043.1_14294182_14294431_neg_145	0.190648	-1	4
NC_064047.1_5516868_5517116_neg_146	-0.496804	-1	4
NC_064037.1_10914853_10915102_neg_147	-0.146276	-1	3
NC_064034.1_2110217_2110465_neg_148	0.39608	-1	3
NC_064046.1_7766629_7766878_neg_149	0.127256	-1	5
NC_064044.1_4597238_4597487_neg_150	-0.106953	-1	2
NC_064036.1_13836571_13836820_neg_151	-0.0422181	-1	5
NC_064047.1_11935989_11936238_neg_152	-0.641542	-1	4
NC_064041.1_7292943_7293191_neg_153	-0.290498	-1	4
NC_064042.1_15694578_15694826_neg_154	-0.142759	-1	5
NC_064045.1_15969852_15970101_neg_155	-1.17082	-1	1
NC_064047.1_4507208_4507456_neg_156	-0.257977	-1	4
NC_064035.1_21577447_21577696_neg_157	-0.498018	-1	5
NC_064044.1_15154224_15154472_neg_158	-0.39496	-1	5
NC_064041.1_13169851_13170100_neg_159	-0.160143	-1	3
NC_064040.1_4280274_4280523_neg_160	-0.328897	-1	4
NC_064036.1_18476198_18476447_neg_161	-0.0130667	-1	3
NC_064038.1_7903546_7903795_neg_162	-0.123904	-1	4
NC_064046.1_1771091_1771340_neg_163	0.159633	-1	1
NC_064043.1_3260154_3260403_neg_164	-0.275626	-1	5
NC_064036.1_6888467_6888716_neg_165	-0.663356	-1	3
NC_064044.1_10798633_10798882_neg_166	-0.213801	-1	5
NC_064041.1_13260882_13261131_neg_167	-1.09911	-1	3
NC_064043.1_3015393_3015641_neg_168	0.0600503	-1	3
NC_064046.1_8619009_8619258_neg_169	-0.369546	-1	5
NC_064048.1_10609740_10609988_neg_170	-0.0610408	-1	2
NC_064042.1_1084009_1084257_neg_171	-0.0503184	-1	4
NC_064037.1_5483900_5484149_neg_172	-0.599428	-1	4
NC_064044.1_16031856_16032104_neg_173	0.174266	-1	5
NC_064037.1_14188590_14188839_neg_174	0.338901	-1	2
NC_064036.1_5749190_5749438_neg_175	-0.192482	-1	1
NC_064039.1_7447606_7447855_neg_176	-0.123226	-1	2
NC_064041.1_2493814_2494062_neg_177	-0.284961	-1	4
NC_064035.1_7486913_7487161_neg_178	-0.0984632	-1	1
NC_064037.1_4876773_4877022_neg_179	0.108629	-1	5
NC_064039.1_2592002_2592250_neg_180	-0.209144	-1	4
NC_064035.1_14659448_14659697_neg_181	-0.114477	-1	3
NC_064036.1_7908163_7908412_neg_182	-0.138548	-1	4
NC_064041.1_332361_332610_neg_183	0.408545	-1	2
NC_064043.1_1376936_1377185_neg_184	0.0723221	-1	4
NC_064035.1_19342774_19343022_neg_185	-0.40137	-1	2
NC_064034.1_2049375_2049624_neg_186	-0.135843	-1	3
NC_064048.1_2738256_2738504_neg_187	0.13453	-1	1
NC_064046.1_1005152_1005401_neg_188	-0.201675	-1	2
NC_064042.1_1382156_1382404_neg_189	0.346695	-1	1
NC_064040.1_8516969_8517218_neg_190	-0.231975	-1	4
NC_064044.1_227412_227661_neg_191	-0.632312	-1	4
NC_064038.1_10220759_10221007_neg_192	-0.206431	-1	3
NC_064037.1_15340013_15340261_neg_193	-0.422828	-1	4
NC_064035.1_18708834_18709083_neg_194	-0.231279	-1	3
NC_064039.1_1442302_1442551_neg_195	-0.214335	-1	4
NC_064036.1_6828427_6828676_neg_196	-0.160303	-1	3
NC_064038.1_16621413_16621662_neg_197	-0.0701772	-1	1
NC_064040.1_17001609_17001858_neg_198	0.244027	-1	3
NC_064046.1_15096154_15096403_neg_199	-0.727856	-1	3
NC_064039.1_9355893_9356142_neg_200	-0.252788	-1	1
NC_064045.1_16362134_16362383_neg_201	-0.927461	-1	1
NC_064045.1_2187129_2187377_neg_202	-0.268406	-1	1
NC_064044.1_11445730_11445978_neg_203	-0.288827	-1	5
NC_064037.1_5912250_5912499_neg_204	0.113525	-1	2
NC_064034.1_913273_913522_neg_205	0.209408	-1	2
NC_064039.1_1325496_1325745_neg_206	0.0508109	-1	1
NC_064037.1_15394087_15394336_neg_207	-0.0899629	-1	4
NC_064036.1_4781142_4781390_neg_208	0.0593658	-1	1
NC_064035.1_575728_575977_neg_209	-0.84503	-1	1
NC_064038.1_18709340_18709589_neg_210	-0.774992	-1	5
NC_064045.1_4422721_4422970_neg_211	-0.423698	-1	2
NC_064046.1_659574_659823_neg_212	-0.135898	-1	2
NC_064036.1_7736467_7736716_neg_213	-0.0817656	-1	2
NC_064037.1_14776565_14776814_neg_214	-0.395075	-1	1
NC_064038.1_15425177_15425426_neg_215	-0.517851	-1	5
NC_064048.1_617414_617663_neg_216	-0.0324866	-1	3
NC_064036.1_9500253_9500501_neg_217	0.00972284	-1	2
NC_064041.1_1221620_1221869_neg_218	0.222885	-1	2
NC_064035.1_13954866_13955115_neg_219	0.0161379	-1	5
NC_064038.1_7486587_7486835_neg_220	0.361484	-1	2
NC_064042.1_15199969_15200217_neg_221	0.183036	-1	3
NC_064034.1_15977549_15977798_neg_222	-0.663265	-1	4
NC_064038.1_5740411_5740659_neg_223	-0.279047	-1	5
NC_064036.1_592708_592957_neg_224	0.0674836	-1	5
NC_064035.1_20658761_20659010_neg_225	-0.22308	-1	1
NC_064041.1_4095251_4095499_neg_226	-0.0714865	-1	2
NC_064038.1_10264056_10264305_neg_227	-0.174544	-1	4
NC_064039.1_17504380_17504629_neg_228	-0.2062	-1	4
NC_064041.1_11689364_11689612_neg_229	0.148981	-1	1
NC_064039.1_10176391_10176640_neg_230	-0.165215	-1	1
NC_064040.1_7498888_7499136_neg_231	-0.220538	-1	5
NC_064047.1_926016_926265_neg_232	-0.00200975	-1	1
NC_064046.1_8247927_8248175_neg_233	-0.00511148	-1	4
NC_064034.1_1627626_1627875_neg_234	0.295344	-1	5
NC_064041.1_5483410_5483659_neg_235	-0.152316	-1	3
NC_064035.1_12116244_12116493_neg_236	-0.738973	-1	5
NC_064041.1_12168962_12169211_neg_237	-0.00718433	-1	4
NC_064038.1_4049607_4049855_neg_238	-0.247549	-1	5
NC_064043.1_12773292_12773541_neg_239	-0.266593	-1	4
NC_064035.1_10384013_10384261_neg_240	-0.285552	-1	1
NC_064047.1_4067422_4067671_neg_241	0.0672561	-1	1
NC_064041.1_7456494_7456743_neg_242	-0.0226663	-1	2
NC_064044.1_7347483_7347732_neg_243	-0.000836468	-1	3
NC_064036.1_15470532_15470780_neg_244	-0.189854	-1	3
NC_064046.1_3194382_3194631_neg_245	-0.0612427	-1	4
NC_064035.1_9227058_9227307_neg_246	-0.0634884	-1	2
NC_064044.1_13938580_13938828_neg_247	-0.315925	-1	1
NC_064035.1_3242828_3243076_neg_248	-0.324954	-1	2
NC_064037.1_13912912_13913161_neg_249	0.0575037	-1	5
NC_064042.1_12511457_12511706_neg_250	-0.0184106	-1	5
NC_064038.1_15921338_15921587_neg_251	0.117965	-1	2
NC_064037.1_14556083_14556331_neg_252	-0.233305	-1	3
NC_064034.1_11877389_11877637_neg_253	0.261711	-1	3
NC_064036.1_3482390_3482639_neg_254	-0.448045	-1	4
NC_064042.1_785088_785337_neg_255	-0.466549	-1	3
NC_064036.1_7488261_7488510_neg_256	-0.0998045	-1	1
NC_064043.1_9680695_9680944_neg_257	0.505397	-1	2
NC_064035.1_12520796_12521045_neg_258	-0.17533	-1	1
NC_064041.1_13092889_13093138_neg_259	0.133622	-1	4
NC_064034.1_11840456_11840705_neg_260	-0.141304	-1	1
NC_064038.1_3605556_3605804_neg_261	-0.066193	-1	4
NC_064044.1_3763744_3763993_neg_262	-0.704418	-1	3
NC_064040.1_4157783_4158032_neg_263	-0.0867911	-1	4
NC_064045.1_8222576_8222824_neg_264	0.0276135	-1	2
NC_064035.1_5593994_5594243_neg_265	-0.0877225	-1	2
NC_064043.1_5273744_5273992_neg_266	-0.0503268	-1	3
NC_064034.1_14310012_14310260_neg_267	-0.327694	-1	5
NC_064042.1_14714187_14714435_neg_268	-0.0774356	-1	5
NC_064035.1_21502194_21502443_neg_269	-0.303462	-1	1
NC_064034.1_10121266_10121514_neg_270	-0.010467	-1	5
NC_064048.1_2277139_2277387_neg_271	-0.409453	-1	1
NC_064040.1_2164970_2165219_neg_272	-0.494108	-1	3
NC_064038.1_14337808_14338056_neg_273	0.147017	-1	2
NC_064046.1_7950719_7950968_neg_274	-0.0914402	-1	2
NC_064038.1_154173_154422_neg_275	-0.557564	-1	1
NC_064039.1_414948_415197_neg_276	-0.202526	-1	1
NC_064048.1_2305200_2305448_neg_277	-0.113999	-1	3
NC_064041.1_11655279_11655527_neg_278	-0.384951	-1	4
NC_064047.1_3168433_3168681_neg_279	-0.0875544	-1	2
NC_064034.1_21909298_21909547_neg_280	-0.185752	-1	5
NC_064040.1_16674229_16674477_neg_281	0.0801338	-1	4
NC_064048.1_10087051_10087299_neg_282	-0.00252647	-1	1
NC_064038.1_8629596_8629845_neg_283	-0.0464179	-1	1
NC_064036.1_10044553_10044802_neg_284	0.173254	-1	5
NC_064047.1_2905126_2905374_neg_285	0.268508	-1	2
NC_064040.1_15589921_15590169_neg_286	-0.00438594	-1	3
NC_064035.1_4772271_4772520_neg_287	-0.255668	-1	2
NC_064041.1_4266529_4266778_neg_288	-0.160475	-1	2
NC_064035.1_10263549_10263798_neg_289	-0.689107	-1	4
NC_064045.1_5286828_5287077_neg_290	0.0516692	-1	1
NC_064046.1_9468349_9468598_neg_291	0.00668959	-1	4
NC_064044.1_14276440_14276689_neg_292	0.0383234	-1	2
NC_064040.1_11825729_11825977_neg_293	-0.130481	-1	4
NC_064044.1_3113296_3113545_neg_294	-0.701309	-1	4
NC_064047.1_5270658_5270906_neg_295	-0.580384	-1	5
NC_064038.1_13435229_13435478_neg_296	0.13257	-1	3
NC_064038.1_16919464_16919712_neg_297	-0.221569	-1	2
NC_064035.1_14373987_14374236_neg_298	0.635662	-1	4
NC_064047.1_3216878_3217126_neg_299	0.0247091	-1	5
NC_064046.1_14528351_14528600_neg_300	-0.475099	-1	1
NC_064036.1_4165666_4165915_neg_301	-0.0289144	-1	4
NC_064046.1_10548035_10548284_neg_302	-0.303888	-1	2
NC_064036.1_18073021_18073270_neg_303	-0.2077	-1	3
NC_064036.1_9749701_9749950_neg_304	0.16239	-1	5
NC_064038.1_12155360_12155608_neg_305	0.0841656	-1	5
NC_064043.1_13596212_13596460_neg_306	0.147565	-1	3
NC_064047.1_10349285_10349534_neg_307	-0.0378817	-1	1
NC_064035.1_17024573_17024822_neg_308	0.0808555	-1	2
NC_064036.1_12311942_12312190_neg_309	-0.377226	-1	2
NC_064036.1_13424922_13425171_neg_310	-0.485931	-1	1
NC_064041.1_12371224_12371473_neg_311	-0.2321	-1	4
NC_064035.1_18171525_18171773_neg_312	-0.0234334	-1	1
NC_064034.1_5986699_5986948_neg_313	-0.407946	-1	4
NC_064038.1_4564122_4564371_neg_314	-0.219541	-1	1
NC_064046.1_10784308_10784556_neg_315	-0.287503	-1	2
NC_064042.1_9632012_9632261_neg_316	-0.129336	-1	3
NC_064044.1_5249446_5249694_neg_317	-0.0936535	-1	2
NC_064047.1_2891230_2891478_neg_318	-0.141499	-1	1
NC_064046.1_4788979_4789228_neg_319	-0.137076	-1	4
NC_064044.1_2150632_2150881_neg_320	-0.808944	-1	3
NC_064038.1_10376614_10376862_neg_321	-0.0832886	-1	5
NC_064048.1_7449832_7450081_neg_322	-0.174889	-1	2
NC_064043.1_16462571_16462820_neg_323	0.260902	-1	5
NC_064041.1_1053_1301_neg_324	-0.125252	-1	2
NC_064038.1_8372683_8372931_neg_325	-0.415174	-1	5
NC_064035.1_473402_473650_neg_326	-0.967644	-1	1
NC_064046.1_12117588_12117837_neg_327	-0.249456	-1	4
NC_064048.1_8926364_8926613_neg_328	-0.0397288	-1	5
NC_064040.1_3186367_3186615_neg_329	-0.246463	-1	5
NC_064043.1_11208406_11208654_neg_330	-0.341836	-1	5
NC_064036.1_10639270_10639518_neg_331	0.097563	-1	5
NC_064039.1_10312074_10312323_neg_332	-0.247309	-1	1
NC_064047.1_3987842_3988090_neg_333	-0.19667	-1	4
NC_064039.1_6906763_6907012_neg_334	0.328733	-1	3
NC_064044.1_9803374_9803622_neg_335	-0.0849368	-1	4
NC_064040.1_1530081_1530330_neg_336	-0.184997	-1	3
NC_064037.1_743718_743966_neg_337	-0.87032	-1	5
NC_064045.1_9433381_9433630_neg_338	0.26254	-1	4
NC_064036.1_5243036_5243284_neg_339	-0.162648	-1	5
NC_064036.1_14602846_14603094_neg_340	0.0199919	-1	3
NC_064048.1_9451550_9451799_neg_341	0.238582	-1	3
NC_064037.1_6620926_6621174_neg_342	-0.274353	-1	4
NC_064035.1_180792_181041_neg_343	-1.10963	-1	3
NC_064046.1_10595785_10596034_neg_344	0.0110207	-1	3
NC_064042.1_8875138_8875386_neg_345	-0.102478	-1	3
NC_064043.1_14217501_14217749_neg_346	-0.040556	-1	5
NC_064037.1_7423726_7423974_neg_347	-0.21954	-1	2
NC_064036.1_20770223_20770471_neg_348	-0.174016	-1	4
NC_064048.1_13689511_13689760_neg_349	-0.894831	-1	3
NC_064046.1_13695122_13695371_neg_350	-0.170516	-1	3
NC_064044.1_10200918_10201167_neg_351	-0.235	-1	2
NC_064037.1_4398973_4399222_neg_352	-0.064439	-1	2
NC_064047.1_8523877_8524125_neg_353	-0.208737	-1	1
NC_064048.1_7042051_7042299_neg_354	-0.334468	-1	4
NC_064036.1_3747064_3747313_neg_355	-0.169358	-1	1
NC_064038.1_5421690_5421939_neg_356	0.0504451	-1	2
NC_064046.1_9112979_9113228_neg_357	-0.437607	-1	3
NC_064038.1_10494639_10494887_neg_358	-0.70728	-1	3
NC_064042.1_4891930_4892179_neg_359	-0.175766	-1	5
NC_064045.1_9963296_9963545_neg_360	0.248096	-1	2
NC_064036.1_2500067_2500315_neg_361	-0.355905	-1	4
NC_064034.1_15009846_15010095_neg_362	-0.35662	-1	2
NC_064041.1_10341807_10342055_neg_363	-0.254795	-1	2
NC_064044.1_4835053_4835302_neg_364	0.287675	-1	5
NC_064044.1_13416546_13416795_neg_365	-0.40282	-1	3
NC_064045.1_4522684_4522933_neg_366	-0.963364	-1	2
NC_064040.1_9306852_9307101_neg_367	-0.221027	-1	5
NC_064037.1_18497935_18498184_neg_368	0.00455426	-1	3
NC_064034.1_16335568_16335816_neg_369	0.298077	-1	1
NC_064035.1_9202080_9202329_neg_370	0.0902345	-1	2
NC_064036.1_12013839_12014087_neg_371	-0.0675267	-1	5
NC_064034.1_2696383_2696632_neg_372	-0.0191269	-1	2
NC_064041.1_4947976_4948225_neg_373	0.13459	-1	1
NC_064041.1_17195288_17195537_neg_374	-0.926406	-1	1
NC_064047.1_8395656_8395905_neg_375	-0.0312597	-1	5
NC_064035.1_17828660_17828909_neg_376	-0.269029	-1	4
NC_064042.1_2836342_2836591_neg_377	-0.0362295	-1	3
NC_064045.1_1190790_1191039_neg_378	0.0323589	-1	4
NC_064043.1_4001429_4001678_neg_379	0.0702875	-1	3
NC_064041.1_4024023_4024272_neg_380	0.0217557	-1	2
NC_064034.1_5397358_5397607_neg_381	0.292001	-1	5
NC_064047.1_13780577_13780825_neg_382	-0.146172	-1	5
NC_064042.1_5535576_5535825_neg_383	0.286847	-1	3
NC_064045.1_2068740_2068989_neg_384	0.139364	-1	2
NC_064035.1_14132492_14132740_neg_385	0.289955	-1	3
NC_064036.1_11126089_11126338_neg_386	-0.167965	-1	1
NC_064045.1_5572801_5573049_neg_387	-0.20913	-1	3
NC_064039.1_1317605_1317854_neg_388	0.346902	-1	5
NC_064035.1_985935_986184_neg_389	0.290383	-1	5
NC_064039.1_12949232_12949481_neg_390	-0.120726	-1	5
NC_064046.1_7297672_7297920_neg_391	-0.585026	-1	2
NC_064046.1_12716985_12717234_neg_392	-0.303383	-1	4
NC_064035.1_20634182_20634430_neg_393	-0.227973	-1	3
NC_064047.1_7822550_7822799_neg_394	0.0161247	-1	2
NC_064034.1_10533989_10534238_neg_395	-0.0169448	-1	3
NC_064036.1_19646087_19646336_neg_396	0.210319	-1	2
NC_064047.1_9500715_9500964_neg_397	-0.381909	-1	1
NC_064039.1_15987421_15987669_neg_398	0.223589	-1	2
NC_064037.1_13618223_13618471_neg_399	0.158197	-1	3
NC_064037.1_16428715_16428963_neg_400	-0.346786	-1	1
NC_064046.1_10266410_10266658_neg_401	-0.217177	-1	1
NC_064034.1_11547630_11547879_neg_402	-0.0222767	-1	1
NC_064045.1_2336039_2336288_neg_403	0.0349344	-1	4
NC_064035.1_20138314_20138562_neg_404	0.105954	-1	1
NC_064047.1_2240352_2240600_neg_405	-0.0248862	-1	1
NC_064036.1_4401635_4401883_neg_406	-0.0750985	-1	5
NC_064045.1_16374235_16374483_neg_407	-0.90103	-1	2
NC_064036.1_6283760_6284009_neg_408	-0.555428	-1	4
NC_064037.1_6520512_6520760_neg_409	0.00817184	-1	1
NC_064045.1_14829311_14829559_neg_410	-0.0578253	-1	1
NC_064040.1_11536547_11536795_neg_411	0.170813	-1	4
NC_064039.1_1971728_1971977_neg_412	-0.0736341	-1	1
NC_064036.1_13152991_13153240_neg_413	-0.320263	-1	3
NC_064046.1_14464416_14464664_neg_414	0.060568	-1	1
NC_064040.1_9678618_9678867_neg_415	-0.123509	-1	3
NC_064047.1_7139880_7140128_neg_416	0.0148649	-1	2
NC_064038.1_3041064_3041312_neg_417	-0.214061	-1	5
NC_064045.1_12460259_12460508_neg_418	-0.535009	-1	2
NC_064048.1_6116706_6116955_neg_419	-0.180369	-1	3
NC_064045.1_5062391_5062640_neg_420	-0.247451	-1	1
NC_064042.1_9284457_9284706_neg_421	-0.191628	-1	3
NC_064044.1_6253239_6253488_neg_422	-0.395122	-1	2
NC_064035.1_18054868_18055116_neg_423	0.0727761	-1	4
NC_064044.1_8665053_8665301_neg_424	-0.225954	-1	4
NC_064043.1_10254082_10254331_neg_425	0.172694	-1	1
NC_064036.1_17204761_17205010_neg_426	-0.035509	-1	1
NC_064035.1_15221510_15221758_neg_427	-0.0586536	-1	1
NC_064042.1_14194308_14194557_neg_428	-0.158192	-1	4
NC_064044.1_11687809_11688058_neg_429	-0.0677568	-1	3
NC_064042.1_9964881_9965130_neg_430	0.0507325	-1	1
NC_064043.1_8159133_8159381_neg_431	-0.171315	-1	3
NC_064044.1_5123190_5123439_neg_432	-0.0306587	-1	3
NC_064047.1_7246604_7246853_neg_433	-0.0757332	-1	5
NC_064036.1_8509268_8509516_neg_434	0.111523	-1	5
NC_064043.1_10533477_10533725_neg_435	-0.368907	-1	2
NC_064040.1_7569189_7569437_neg_436	0.220765	-1	3
NC_064035.1_15620902_15621151_neg_437	-0.876118	-1	2
NC_064045.1_13438159_13438407_neg_438	0.0272624	-1	1
NC_064042.1_14676021_14676269_neg_439	0.0157171	-1	4
NC_064044.1_2122833_2123082_neg_440	-0.469328	-1	4
NC_064045.1_13658925_13659173_neg_441	0.0317133	-1	5
NC_064048.1_12645441_12645690_neg_442	-0.334286	-1	1
NC_064036.1_1651286_1651535_neg_443	-0.0704063	-1	1
NC_064037.1_5848044_5848293_neg_444	-0.0858857	-1	5
NC_064034.1_18808436_18808685_neg_445	-0.0824821	-1	2
NC_064046.1_4506365_4506613_neg_446	-0.312634	-1	5
NC_064045.1_8866274_8866522_neg_447	-0.504051	-1	5
NC_064048.1_5277324_5277573_neg_448	-0.0903653	-1	2
NC_064042.1_14537514_14537763_neg_449	0.125907	-1	5
NC_064041.1_13159579_13159827_neg_450	-0.354252	-1	5
NC_064047.1_1062247_1062496_neg_451	-0.081885	-1	3
NC_064037.1_1116620_1116869_neg_452	-0.278905	-1	5
NC_064038.1_17085206_17085455_neg_453	-0.273119	-1	5
NC_064048.1_451499_451748_neg_454	0.0910629	-1	2
NC_064041.1_13478854_13479103_neg_455	0.324232	-1	5
NC_064044.1_15005039_15005288_neg_456	-0.047589	-1	3
NC_064040.1_9775572_9775821_neg_457	-0.251018	-1	3
NC_064034.1_16625798_16626047_neg_458	-0.0430128	-1	4
NC_064035.1_11866044_11866293_neg_459	-0.175441	-1	1
NC_064044.1_1998673_1998922_neg_460	-0.933896	-1	3
NC_064035.1_12765151_12765399_neg_461	-0.0556231	-1	3
NC_064036.1_12789420_12789668_neg_462	-0.0478455	-1	2
NC_064048.1_1879235_1879483_neg_463	-0.384965	-1	1
NC_064035.1_13858043_13858292_neg_464	0.0108646	-1	2
NC_064046.1_1795681_1795930_neg_465	-0.0227696	-1	3
NC_064043.1_15027214_15027463_neg_466	-0.877437	-1	3
NC_064040.1_15486291_15486539_neg_467	-0.223802	-1	3
NC_064048.1_8543891_8544140_neg_468	0.124118	-1	5
NC_064046.1_5924638_5924886_neg_469	-0.504423	-1	3
NC_064036.1_8129210_8129459_neg_470	0.512094	-1	3
NC_064037.1_16185418_16185667_neg_471	0.0988525	-1	4
NC_064036.1_546522_546770_neg_472	-0.757674	-1	4
NC_064034.1_2738923_2739172_neg_473	-0.292591	-1	3
NC_064037.1_3498962_3499211_neg_474	-0.205385	-1	2
NC_064044.1_16162751_16163000_neg_475	-0.451098	-1	5
NC_064039.1_16772935_16773183_neg_476	0.0957626	-1	2
NC_064046.1_6984999_6985248_neg_477	-0.333661	-1	4
NC_064040.1_6763748_6763997_neg_478	0.0509227	-1	2
NC_064040.1_15631579_15631828_neg_479	-0.221873	-1	2
NC_064047.1_12827754_12828003_neg_480	-0.332035	-1	4
NC_064048.1_1561223_1561472_neg_481	0.0910484	-1	1
NC_064036.1_5495855_5496104_neg_482	0.0601699	-1	2
NC_064040.1_6272565_6272813_neg_483	-0.247879	-1	3
NC_064036.1_13644365_13644614_neg_484	-0.955954	-1	5
NC_064047.1_9421385_9421634_neg_485	0.300893	-1	1
NC_064045.1_5001698_5001947_neg_486	-0.266272	-1	4
NC_064038.1_6509189_6509438_neg_487	-0.0435199	-1	5
NC_064038.1_3441472_3441721_neg_488	0.273604	-1	3
NC_064036.1_9639934_9640183_neg_489	-0.00705238	-1	3
NC_064035.1_21673390_21673638_neg_490	-0.13376	-1	1
NC_064037.1_4376320_4376568_neg_491	0.108619	-1	4
NC_064037.1_10621601_10621850_neg_492	0.156218	-1	5
NC_064036.1_18980370_18980619_neg_493	-0.255774	-1	3
NC_064039.1_15016951_15017200_neg_494	0.0142187	-1	5
NC_064035.1_11228833_11229082_neg_495	0.16417	-1	5
NC_064036.1_7755108_7755357_neg_496	0.00620123	-1	1
NC_064041.1_10221667_10221915_neg_497	-0.105889	-1	4
NC_064035.1_16993289_16993537_neg_498	-0.22424	-1	2
NC_064039.1_14097361_14097610_neg_499	-0.227898	-1	1
NC_064034.1_16829518_16829767_neg_500	0.0601683	-1	1
NC_064048.1_10693978_10694226_neg_501	-0.347589	-1	4
NC_064039.1_7464929_7465178_neg_502	0.304381	-1	5
NC_064038.1_11678790_11679038_neg_503	-0.551735	-1	5
NC_064041.1_7000628_7000877_neg_504	0.0558779	-1	2
NC_064037.1_7557947_7558195_neg_505	0.0507387	-1	4
NC_064044.1_10506539_10506787_neg_506	-0.788545	-1	5
NC_064036.1_5969283_5969531_neg_507	-0.461778	-1	1
NC_064039.1_17614891_17615140_neg_508	-0.640166	-1	3
NC_064041.1_15830360_15830608_neg_509	-0.443926	-1	4
NC_064040.1_14004797_14005045_neg_510	-0.459088	-1	5
NC_064048.1_12861995_12862243_neg_511	-1.13388	-1	1
NC_064037.1_15256713_15256962_neg_512	0.287815	-1	2
NC_064044.1_14411113_14411362_neg_513	-0.131057	-1	2
NC_064037.1_15321600_15321849_neg_514	-0.407883	-1	4
NC_064037.1_9996587_9996836_neg_515	-0.0907153	-1	4
NC_064035.1_1937346_1937595_neg_516	-0.198895	-1	3
NC_064038.1_11901938_11902187_neg_517	0.108022	-1	5
NC_064043.1_3539940_3540189_neg_518	-0.384314	-1	1
NC_064041.1_4893798_4894047_neg_519	0.0838923	-1	4
NC_064038.1_5398995_5399244_neg_520	-0.698276	-1	5
NC_064044.1_11362710_11362959_neg_521	-0.271425	-1	4
NC_064042.1_10811741_10811989_neg_522	0.101312	-1	2
NC_064045.1_5529358_5529606_neg_523	-0.218526	-1	2
NC_064035.1_16328404_16328653_neg_524	0.348794	-1	3
NC_064045.1_12672768_12673017_neg_525	-0.304222	-1	1
NC_064034.1_11739866_11740115_neg_526	-0.328141	-1	5
NC_064041.1_11167240_11167489_neg_527	-0.14283	-1	4
NC_064045.1_11209959_11210208_neg_528	0.126665	-1	4
NC_064040.1_11137088_11137337_neg_529	0.180738	-1	3
NC_064038.1_4955426_4955674_neg_530	-0.213321	-1	2
NC_064044.1_9346585_9346833_neg_531	-0.542249	-1	3
NC_064038.1_12332854_12333103_neg_532	-0.672849	-1	2
NC_064037.1_3925038_3925287_neg_533	0.124861	-1	2
NC_064046.1_12223241_12223490_neg_534	-0.287031	-1	5
NC_064046.1_1117961_1118209_neg_535	-0.581119	-1	5
NC_064043.1_16268507_16268756_neg_536	-0.111465	-1	1
NC_064039.1_2848629_2848878_neg_537	-0.263882	-1	5
NC_064042.1_16120568_16120816_neg_538	0.0798603	-1	4
NC_064046.1_9797044_9797293_neg_539	0.178112	-1	4
NC_064039.1_5183324_5183572_neg_540	0.0755702	-1	1
NC_064046.1_9605649_9605897_neg_541	-0.480652	-1	1
NC_064035.1_9769028_9769277_neg_542	0.218516	-1	5
NC_064034.1_13497992_13498240_neg_543	-0.401795	-1	2
NC_064047.1_7818567_7818816_neg_544	-0.186725	-1	2
NC_064039.1_10786052_10786301_neg_545	-0.317879	-1	3
NC_064043.1_11454503_11454752_neg_546	-0.752437	-1	3
NC_064034.1_1510807_1511055_neg_547	-0.452498	-1	5
NC_064045.1_11673252_11673500_neg_548	-0.25241	-1	4
NC_064037.1_8636213_8636462_neg_549	0.0226923	-1	2
NC_064041.1_14243524_14243773_neg_550	-0.0885086	-1	3
NC_064039.1_8946058_8946307_neg_551	0.160038	-1	2
NC_064045.1_1653565_1653813_neg_552	-0.147398	-1	2
NC_064046.1_3522359_3522608_neg_553	-0.850984	-1	2
NC_064037.1_2371252_2371501_neg_554	-0.760179	-1	3
NC_064047.1_2027116_2027365_neg_555	-0.846147	-1	3
NC_064041.1_12858282_12858531_neg_556	-0.538049	-1	5
NC_064035.1_4807451_4807700_neg_557	-0.422012	-1	5
NC_064041.1_7885878_7886127_neg_558	0.0795904	-1	1
NC_064046.1_5491140_5491389_neg_559	-0.159459	-1	1
NC_064047.1_12144306_12144555_neg_560	-0.253485	-1	1
NC_064038.1_16277517_16277766_neg_561	-0.0561649	-1	4
NC_064047.1_5654956_5655205_neg_562	-0.320776	-1	5
NC_064048.1_4970276_4970525_neg_563	-0.414695	-1	3
NC_064042.1_2484051_2484299_neg_564	0.229442	-1	1
NC_064041.1_3973012_3973260_neg_565	0.171517	-1	4
NC_064043.1_1628601_1628850_neg_566	0.0678892	-1	2
NC_064042.1_8829657_8829905_neg_567	0.00930389	-1	5
NC_064038.1_958168_958416_neg_568	-0.111936	-1	3
NC_064043.1_11261_11510_neg_569	-0.115156	-1	1
NC_064036.1_16123530_16123779_neg_570	-0.237854	-1	3
NC_064038.1_17402106_17402355_neg_571	-0.0755039	-1	3
NC_064041.1_10516985_10517234_neg_572	0.176483	-1	1
NC_064048.1_10331084_10331332_neg_573	-0.158729	-1	3
NC_064040.1_526389_526637_neg_574	-1.05309	-1	2
NC_064034.1_284951_285199_neg_575	-1.00071	-1	3
NC_064035.1_19589612_19589860_neg_576	0.01321	-1	1
NC_064040.1_9460894_9461143_neg_577	-0.158701	-1	1
NC_064036.1_14223963_14224212_neg_578	-0.0789333	-1	2
NC_064034.1_85395_85644_neg_579	-0.485358	-1	1
NC_064034.1_2259602_2259851_neg_580	-0.0229139	-1	3
NC_064039.1_18013411_18013659_neg_581	-0.0739615	-1	4
NC_064042.1_2625550_2625799_neg_582	0.164991	-1	4
NC_064036.1_10270066_10270314_neg_583	-0.00519274	-1	2
NC_064034.1_21646700_21646949_neg_584	0.102465	-1	5
NC_064046.1_1486473_1486721_neg_585	0.0047061	-1	4
NC_064035.1_15762578_15762826_neg_586	-0.120319	-1	1
NC_064042.1_13833512_13833760_neg_587	-0.0284556	-1	5
NC_064040.1_13688341_13688590_neg_588	0.492447	-1	3
NC_064042.1_1149523_1149772_neg_589	-0.115778	-1	2
NC_064034.1_2797496_2797745_neg_590	-0.0625047	-1	1
NC_064042.1_16163585_16163834_neg_591	-0.46122	-1	2
NC_064041.1_4588338_4588587_neg_592	-0.134847	-1	2
NC_064036.1_1613506_1613755_neg_593	-0.420642	-1	3
NC_064040.1_14605435_14605684_neg_594	0.392749	-1	4
NC_064041.1_6987420_6987669_neg_595	-0.314168	-1	4
NC_064048.1_11555405_11555654_neg_596	-0.305438	-1	5
NC_064042.1_14285378_14285626_neg_597	-0.257416	-1	5
NC_064047.1_10555131_10555380_neg_598	0.127895	-1	2
NC_064039.1_4038393_4038642_neg_599	0.472957	-1	2
NC_064035.1_7014703_7014952_neg_600	0.166527	-1	2
NC_064042.1_2629574_2629823_neg_601	-0.0411015	-1	2
NC_064034.1_5038305_5038553_neg_602	-0.193845	-1	2
NC_064039.1_1197041_1197290_neg_603	0.060518	-1	2
NC_064044.1_398988_399236_neg_604	-0.708895	-1	4
NC_064043.1_12169640_12169889_neg_605	-0.287694	-1	1
NC_064045.1_14064808_14065057_neg_606	0.117349	-1	4
NC_064042.1_1435949_1436198_neg_607	-0.0561898	-1	2
NC_064035.1_5285170_5285419_neg_608	-0.063653	-1	5
NC_064048.1_6140052_6140300_neg_609	-0.161327	-1	4
NC_064038.1_15304452_15304701_neg_610	-0.619988	-1	5
NC_064044.1_15918555_15918804_neg_611	-0.348923	-1	3
NC_064037.1_14143098_14143347_neg_612	-0.0150194	-1	3
NC_064043.1_13032499_13032748_neg_613	-0.234496	-1	2
NC_064040.1_3055830_3056079_neg_614	0.072423	-1	5
NC_064040.1_5525987_5526235_neg_615	-0.147004	-1	4
NC_064036.1_12396362_12396610_neg_616	-0.189123	-1	4
NC_064037.1_12923570_12923818_neg_617	-0.289832	-1	2
NC_064034.1_2127091_2127340_neg_618	-0.202249	-1	4
NC_064040.1_15802016_15802265_neg_619	0.235619	-1	4
NC_064044.1_7967377_7967626_neg_620	-0.442778	-1	2
NC_064048.1_1159613_1159861_neg_621	0.0700071	-1	1
NC_064041.1_11556842_11557091_neg_622	0.0136949	-1	2
NC_064045.1_5185810_5186058_neg_623	-0.148275	-1	4
NC_064036.1_3131730_3131979_neg_624	0.0569211	-1	4
NC_064036.1_10520137_10520385_neg_625	-0.0901893	-1	2
NC_064048.1_3453797_3454046_neg_626	-0.323932	-1	2
NC_064036.1_11395370_11395618_neg_627	-0.0755643	-1	1
NC_064040.1_3985857_3986106_neg_628	0.016625	-1	4
NC_064034.1_3782910_3783159_neg_629	0.045653	-1	2
NC_064045.1_13960739_13960988_neg_630	-0.379988	-1	5
NC_064036.1_4200996_4201245_neg_631	0.334558	-1	1
NC_064045.1_4746406_4746655_neg_632	-0.269002	-1	3
NC_064039.1_16148610_16148859_neg_633	-0.240445	-1	2
NC_064036.1_5025572_5025821_neg_634	-0.629845	-1	5
NC_064043.1_714137_714385_neg_635	-0.858439	-1	4
NC_064046.1_1838903_1839152_neg_636	-0.087189	-1	3
NC_064045.1_14070471_14070720_neg_637	0.0177	-1	3
NC_064043.1_10031115_10031364_neg_638	0.569675	-1	4
NC_064040.1_2543457_2543706_neg_639	-0.0872758	-1	3
NC_064038.1_13685837_13686085_neg_640	0.0202893	-1	5
NC_064045.1_14625888_14626137_neg_641	0.00868652	-1	1
NC_064035.1_3390459_3390707_neg_642	-0.187162	-1	3
NC_064035.1_14749294_14749543_neg_643	-0.173786	-1	1
NC_064045.1_871798_872047_neg_644	-0.676628	-1	4
NC_064034.1_19868659_19868907_neg_645	-0.278821	-1	1
NC_064045.1_10023317_10023566_neg_646	-0.149288	-1	2
NC_064035.1_18449776_18450024_neg_647	-0.00406241	-1	2
NC_064035.1_12828390_12828639_neg_648	-0.249707	-1	3
NC_064037.1_12565379_12565628_neg_649	0.0581114	-1	4
NC_064035.1_1373676_1373924_neg_650	-0.0787583	-1	5
NC_064039.1_8124911_8125160_neg_651	-0.0131305	-1	3
NC_064044.1_14490414_14490663_neg_652	0.0847087	-1	5
NC_064038.1_5510820_5511069_neg_653	-0.809139	-1	1
NC_064038.1_18277053_18277302_neg_654	-0.911171	-1	4
NC_064046.1_7092893_7093142_neg_655	0.00880479	-1	4
NC_064041.1_12678622_12678871_neg_656	-0.107647	-1	1
NC_064037.1_11321843_11322092_neg_657	0.434946	-1	4
NC_064037.1_10267817_10268066_neg_658	0.0639262	-1	1
NC_064038.1_2440534_2440782_neg_659	-0.259144	-1	1
NC_064034.1_9274847_9275096_neg_660	-0.221602	-1	3
NC_064037.1_13158443_13158692_neg_661	-0.360149	-1	2
NC_064048.1_2062168_2062416_neg_662	-0.143802	-1	5
NC_064042.1_11254457_11254705_neg_663	-0.478297	-1	3
NC_064041.1_11857140_11857389_neg_664	-0.332616	-1	1
NC_064048.1_3644778_3645026_neg_665	-0.0259958	-1	4
NC_064047.1_12856452_12856701_neg_666	0.134583	-1	3
NC_064045.1_6345029_6345278_neg_667	0.0987584	-1	1
NC_064048.1_4921511_4921760_neg_668	0.0647607	-1	5
NC_064036.1_18306931_18307179_neg_669	0.0171572	-1	1
NC_064048.1_3490117_3490366_neg_670	0.203501	-1	4
NC_064046.1_7163630_7163878_neg_671	-0.274981	-1	5
NC_064044.1_8234477_8234726_neg_672	-0.155615	-1	5
NC_064045.1_9252459_9252708_neg_673	-0.429334	-1	3
NC_064036.1_4064713_4064962_neg_674	-0.270813	-1	1
NC_064045.1_5848595_5848843_neg_675	-0.0010504	-1	5
NC_064045.1_850785_851033_neg_676	-0.339856	-1	4
NC_064042.1_15143316_15143564_neg_677	-0.0634314	-1	3
NC_064048.1_10505788_10506036_neg_678	-0.277248	-1	4
NC_064046.1_223559_223807_neg_679	-0.414981	-1	2
NC_064036.1_7261047_7261296_neg_680	0.227832	-1	5
NC_064041.1_10203636_10203885_neg_681	-0.18925	-1	1
NC_064047.1_1576262_1576511_neg_682	0.139417	-1	5
NC_064034.1_5196017_5196266_neg_683	-0.0467734	-1	1
NC_064039.1_6402594_6402843_neg_684	-0.35128	-1	1
NC_064040.1_8983189_8983438_neg_685	-0.174639	-1	4
NC_064040.1_16950469_16950717_neg_686	-0.212173	-1	4
NC_064047.1_5098958_5099206_neg_687	-0.407322	-1	1
NC_064042.1_16352401_16352650_neg_688	-0.122003	-1	3
NC_064039.1_9894774_9895023_neg_689	0.623465	-1	2
NC_064034.1_8942622_8942870_neg_690	-0.561012	-1	1
NC_064037.1_12877542_12877790_neg_691	0.149178	-1	3
NC_064046.1_7088784_7089033_neg_692	-0.00951296	-1	3
NC_064040.1_7632273_7632521_neg_693	-0.181359	-1	4
NC_064035.1_15005882_15006130_neg_694	0.612637	-1	3
NC_064038.1_498521_498769_neg_695	-0.916282	-1	1
NC_064037.1_3218136_3218384_neg_696	0.231621	-1	5
NC_064037.1_5014539_5014788_neg_697	-0.445748	-1	4
NC_064040.1_15912797_15913046_neg_698	-0.110161	-1	1
NC_064042.1_4266162_4266411_neg_699	0.0637049	-1	3
NC_064040.1_9878274_9878522_neg_700	0.0591936	-1	2
NC_064040.1_11452419_11452668_neg_701	0.150263	-1	1
NC_064042.1_1843261_1843510_neg_702	0.164483	-1	2
NC_064034.1_17309591_17309840_neg_703	-0.0208652	-1	2
NC_064041.1_9527428_9527677_neg_704	-0.221991	-1	3
NC_064035.1_3436170_3436419_neg_705	-0.342181	-1	3
NC_064036.1_4788069_4788317_neg_706	-0.0374455	-1	2
NC_064035.1_3846684_3846933_neg_707	-0.093124	-1	5
NC_064045.1_8900556_8900804_neg_708	-0.2341	-1	4
NC_064036.1_4815538_4815787_neg_709	0.3204	-1	5
NC_064041.1_1803952_1804201_neg_710	-0.34184	-1	5
NC_064035.1_4422572_4422821_neg_711	-0.441666	-1	1
NC_064041.1_1177779_1178028_neg_712	-0.781409	-1	2
NC_064045.1_5739362_5739611_neg_713	0.0406377	-1	1
NC_064046.1_3805696_3805944_neg_714	0.055908	-1	5
NC_064036.1_496860_497108_neg_715	-0.56492	-1	5
NC_064039.1_8270457_8270706_neg_716	-0.172342	-1	4
NC_064037.1_13134097_13134346_neg_717	0.0193655	-1	3
NC_064037.1_5153384_5153633_neg_718	-0.135294	-1	3
NC_064044.1_8114930_8115179_neg_719	-0.848959	-1	3
NC_064042.1_4733802_4734051_neg_720	-0.226171	-1	4
NC_064042.1_5168771_5169020_neg_721	0.00344125	-1	3
NC_064048.1_1087407_1087656_neg_722	-0.267973	-1	4
NC_064038.1_17091197_17091446_neg_723	-0.940881	-1	3
NC_064041.1_4627666_4627915_neg_724	-0.549803	-1	4
NC_064035.1_5847733_5847982_neg_725	-0.337526	-1	2
NC_064038.1_14691705_14691954_neg_726	-0.145899	-1	2
NC_064043.1_14186589_14186837_neg_727	0.18653	-1	1
NC_064041.1_2359484_2359733_neg_728	-0.0404359	-1	2
NC_064035.1_3844816_3845065_neg_729	-0.115731	-1	3
NC_064041.1_5710610_5710858_neg_730	0.173522	-1	5
NC_064044.1_11497708_11497957_neg_731	-0.0700596	-1	1
NC_064040.1_1928737_1928985_neg_732	-0.482685	-1	4
NC_064045.1_3811065_3811314_neg_733	-0.0350076	-1	4
NC_064040.1_1750961_1751210_neg_734	0.212273	-1	5
NC_064036.1_20320079_20320328_neg_735	-0.224763	-1	4
NC_064047.1_13418397_13418646_neg_736	-0.156395	-1	5
NC_064037.1_8177639_8177888_neg_737	-0.30752	-1	5
NC_064039.1_13273213_13273462_neg_738	-0.000956856	-1	1
NC_064040.1_13744759_13745008_neg_739	0.116631	-1	3
NC_064040.1_15479727_15479975_neg_740	-0.09644	-1	5
NC_064034.1_11788048_11788297_neg_741	-0.267056	-1	5
NC_064044.1_584072_584320_neg_742	-0.168663	-1	1
NC_064035.1_11368928_11369177_neg_743	0.0376185	-1	2
NC_064037.1_5885146_5885395_neg_744	-0.432281	-1	1
NC_064045.1_7092991_7093239_neg_745	0.17086	-1	5
NC_064042.1_8692995_8693243_neg_746	-0.262924	-1	1
NC_064043.1_9467165_9467414_neg_747	-0.184755	-1	4
NC_064037.1_2252017_2252265_neg_748	0.0293436	-1	1
NC_064038.1_11072345_11072594_neg_749	-0.389162	-1	5
NC_064042.1_6817829_6818077_neg_750	-0.0574913	-1	4
NC_064039.1_17513003_17513252_neg_751	-0.334426	-1	5
NC_064043.1_13641221_13641470_neg_752	-0.0866177	-1	4
NC_064034.1_18914552_18914801_neg_753	0.0591233	-1	4
NC_064037.1_18733344_18733592_neg_754	-0.662893	-1	4
NC_064045.1_14632433_14632681_neg_755	0.219576	-1	4
NC_064042.1_5981024_5981273_neg_756	-0.034315	-1	1
NC_064043.1_12950153_12950402_neg_757	-0.163287	-1	5
NC_064042.1_542332_542581_neg_758	-0.198211	-1	1
NC_064044.1_7530879_7531128_neg_759	0.121732	-1	5
NC_064039.1_9678276_9678525_neg_760	-0.153012	-1	4
NC_064037.1_7022735_7022984_neg_761	-0.211687	-1	2
NC_064048.1_3266928_3267176_neg_762	-0.38591	-1	1
NC_064039.1_11335291_11335540_neg_763	-0.0363631	-1	5
NC_064036.1_17886968_17887217_neg_764	-0.211774	-1	4
NC_064038.1_3019341_3019590_neg_765	-0.0858611	-1	2
NC_064041.1_15976511_15976759_neg_766	-0.503223	-1	5
NC_064034.1_22066670_22066918_neg_767	0.20922	-1	5
NC_064042.1_2877152_2877401_neg_768	0.144553	-1	1
NC_064043.1_1562262_1562511_neg_769	-0.0856845	-1	3
NC_064045.1_13981434_13981683_neg_770	-0.267137	-1	4
NC_064042.1_6185481_6185729_neg_771	-0.00292941	-1	3
NC_064036.1_10913832_10914081_neg_772	0.00708389	-1	5
NC_064042.1_6925764_6926013_neg_773	-0.361186	-1	1
NC_064042.1_11283570_11283818_neg_774	-0.358099	-1	2
NC_064037.1_19053612_19053861_neg_775	-0.667323	-1	2
NC_064046.1_10100075_10100324_neg_776	-0.307393	-1	4
NC_064035.1_20434312_20434560_neg_777	-0.116446	-1	5
NC_064041.1_8520996_8521245_neg_778	-0.142636	-1	5
NC_064034.1_14077627_14077875_neg_779	-0.224318	-1	1
NC_064043.1_6962601_6962850_neg_780	-0.0508909	-1	1
NC_064037.1_9483759_9484007_neg_781	0.0315941	-1	2
NC_064048.1_10193037_10193286_neg_782	0.282229	-1	2
NC_064034.1_21947982_21948230_neg_783	0.0198615	-1	5
NC_064035.1_10103220_10103468_neg_784	-0.339479	-1	1
NC_064047.1_6488254_6488503_neg_785	0.142464	-1	3
NC_064034.1_11124001_11124250_neg_786	0.134848	-1	2
NC_064045.1_3168008_3168257_neg_787	-0.999002	-1	4
NC_064047.1_47000_47249_neg_788	0.0170744	-1	4
NC_064039.1_1320687_1320936_neg_789	-0.0459812	-1	1
NC_064048.1_2510338_2510586_neg_790	-0.0470399	-1	1
NC_064036.1_1091792_1092041_neg_791	-0.268548	-1	2
NC_064036.1_15453880_15454129_neg_792	0.0142026	-1	1
NC_064040.1_6196809_6197057_neg_793	-0.045431	-1	4
NC_064036.1_20485916_20486164_neg_794	0.0859519	-1	1
NC_064045.1_14858498_14858747_neg_795	-0.0802408	-1	1
NC_064042.1_1755023_1755272_neg_796	-0.135584	-1	5
NC_064046.1_4915754_4916002_neg_797	-0.0797575	-1	5
NC_064045.1_10034903_10035152_neg_798	-0.157224	-1	3
NC_064046.1_833571_833819_neg_799	0.043737	-1	3
NC_064034.1_12132367_12132616_neg_800	0.0865953	-1	2
NC_064042.1_2184201_2184449_neg_801	0.213739	-1	4
NC_064035.1_15968828_15969077_neg_802	-0.1929	-1	1
NC_064043.1_13949001_13949250_neg_803	-0.504138	-1	5
NC_064042.1_9248719_9248967_neg_804	-0.638084	-1	2
NC_064037.1_6603086_6603335_neg_805	-0.373236	-1	1
NC_064038.1_731780_732029_neg_806	-0.870833	-1	3
NC_064047.1_4857887_4858135_neg_807	0.00187012	-1	5
NC_064045.1_3005429_3005678_neg_808	0.146116	-1	2
NC_064044.1_4579838_4580087_neg_809	-0.615139	-1	1
NC_064041.1_5051396_5051645_neg_810	0.0397514	-1	5
NC_064044.1_3521523_3521772_neg_811	-0.533431	-1	4
NC_064034.1_13132206_13132454_neg_812	-0.124692	-1	2
NC_064044.1_5808004_5808252_neg_813	-0.0973777	-1	5
NC_064045.1_13217943_13218192_neg_814	-0.361681	-1	1
NC_064045.1_263224_263472_neg_815	-0.446068	-1	5
NC_064044.1_13211905_13212154_neg_816	0.0288544	-1	1
NC_064036.1_6884354_6884603_neg_817	-0.00317097	-1	5
NC_064036.1_16256165_16256414_neg_818	0.0914408	-1	2
NC_064036.1_4411164_4411413_neg_819	0.2083	-1	5
NC_064047.1_9063152_9063400_neg_820	-0.00636139	-1	1
NC_064047.1_11819249_11819497_neg_821	-0.268682	-1	4
NC_064039.1_5109967_5110216_neg_822	-0.105132	-1	1
NC_064034.1_248986_249235_neg_823	-0.849242	-1	2
NC_064034.1_1081426_1081675_neg_824	-0.0763379	-1	2
NC_064047.1_51743_51992_neg_825	-0.568237	-1	1
NC_064035.1_18854156_18854405_neg_826	-0.0256774	-1	4
NC_064045.1_16226064_16226313_neg_827	-1.00018	-1	2
NC_064046.1_7533525_7533774_neg_828	-0.141577	-1	3
NC_064037.1_13553244_13553492_neg_829	-0.23059	-1	4
NC_064045.1_12678554_12678803_neg_830	-0.37303	-1	1
NC_064039.1_4332560_4332809_neg_831	0.0201632	-1	1
NC_064048.1_7583069_7583318_neg_832	-0.155196	-1	4
NC_064034.1_1350441_1350690_neg_833	-0.0572442	-1	5
NC_064048.1_950687_950935_neg_834	-0.0217132	-1	1
NC_064035.1_10524490_10524739_neg_835	-0.157854	-1	1
NC_064040.1_13482981_13483230_neg_836	-0.052577	-1	2
NC_064035.1_9893317_9893566_neg_837	-0.717248	-1	5
NC_064034.1_4308353_4308602_neg_838	-0.154383	-1	4
NC_064042.1_840249_840498_neg_839	-0.264285	-1	5
NC_064036.1_3468470_3468719_neg_840	0.422388	-1	2
NC_064041.1_1312197_1312445_neg_841	-0.114002	-1	3
NC_064034.1_16057161_16057409_neg_842	-0.38055	-1	4
NC_064038.1_5621395_5621643_neg_843	-0.0703275	-1	4
NC_064045.1_12121105_12121354_neg_844	-0.354981	-1	5
NC_064045.1_8411987_8412236_neg_845	0.483446	-1	4
NC_064037.1_18370511_18370760_neg_846	0.0344457	-1	4
NC_064047.1_8286386_8286635_neg_847	-0.515005	-1	2
NC_064035.1_9338397_9338646_neg_848	-0.227217	-1	3
NC_064040.1_7848740_7848989_neg_849	-0.151287	-1	2
NC_064045.1_4436842_4437091_neg_850	-0.0660001	-1	1
NC_064041.1_4264873_4265122_neg_851	-0.0785672	-1	3
NC_064037.1_986252_986501_neg_852	-0.330904	-1	1
