NC_064035.1_2018680_2018929_pos_1	0.128868	1	1
NC_064034.1_18318421_18318670_pos_2	0.306478	1	1
NC_064034.1_20222153_20222402_pos_3	0.294324	1	3
NC_064035.1_13490109_13490358_pos_4	0.36691	1	3
NC_064034.1_2578664_2578913_pos_5	0.48747	1	2
NC_064035.1_3643063_3643312_pos_6	0.475485	1	3
NC_064035.1_19251643_19251892_pos_7	0.0430494	1	5
NC_064035.1_6358811_6359060_pos_8	0.279321	1	4
NC_064035.1_10970086_10970335_pos_9	0.260041	1	4
NC_064035.1_11741991_11742240_pos_10	0.176034	1	2
NC_064035.1_19881485_19881734_pos_11	0.301266	1	2
NC_064035.1_14441483_14441732_pos_12	0.336196	1	1
NC_064034.1_5697720_5697969_pos_13	0.395792	1	5
NC_064035.1_2313044_2313293_pos_14	0.241552	1	4
NC_064034.1_9472192_9472441_pos_15	0.920669	1	2
NC_064035.1_19330956_19331205_pos_16	0.428698	1	4
NC_064035.1_2309301_2309550_pos_17	0.257749	1	1
NC_064035.1_10522255_10522504_pos_18	0.20201	1	5
NC_064034.1_9470730_9470979_pos_19	0.0986169	1	1
NC_064034.1_20221270_20221519_pos_20	0.215172	1	2
NC_064034.1_4914950_4915199_pos_21	0.569557	1	2
NC_064035.1_17299717_17299966_pos_22	0.356836	1	1
NC_064034.1_16415284_16415533_pos_23	0.390704	1	1
NC_064035.1_7871987_7872236_pos_24	0.466318	1	3
NC_064035.1_8988282_8988531_pos_25	0.0396561	1	4
NC_064034.1_12232080_12232329_pos_26	0.349099	1	4
NC_064034.1_13417341_13417589_pos_27	-0.263608	1	5
NC_064035.1_19294361_19294610_pos_28	0.223517	1	1
NC_064035.1_12804295_12804544_pos_29	0.0389392	1	3
NC_064035.1_16352632_16352881_pos_30	0.111682	1	4
NC_064034.1_8777379_8777628_pos_31	0.158667	1	3
NC_064034.1_15110848_15111097_pos_32	-0.0772682	1	3
NC_064035.1_14719931_14720180_pos_33	0.125167	1	5
NC_064035.1_9507224_9507473_pos_34	0.273756	1	3
NC_064035.1_19252017_19252266_pos_35	0.260709	1	4
NC_064035.1_5394938_5395187_pos_36	0.28416	1	4
NC_064034.1_6485550_6485799_pos_37	0.569241	1	1
NC_064035.1_6358191_6358440_pos_38	0.252465	1	2
NC_064034.1_20238145_20238394_pos_39	0.37703	1	1
NC_064034.1_5723864_5724113_pos_40	0.287759	1	4
NC_064034.1_17678196_17678445_pos_41	0.215435	1	1
NC_064034.1_7821372_7821621_pos_42	0.0337056	1	2
NC_064035.1_926035_926284_pos_43	0.449808	1	5
NC_064034.1_9471282_9471531_pos_44	0.195433	1	3
NC_064035.1_1220753_1221002_pos_45	0.347919	1	4
NC_064035.1_11741230_11741479_pos_46	0.203673	1	4
NC_064035.1_3123934_3124183_pos_47	0.257581	1	1
NC_064035.1_2884619_2884868_pos_48	0.154925	1	4
NC_064035.1_7461669_7461918_pos_49	0.27889	1	4
NC_064035.1_7891937_7892186_pos_50	-0.0157717	1	2
NC_064034.1_18951228_18951477_pos_51	0.484069	1	3
NC_064035.1_5023198_5023447_pos_52	0.323319	1	5
NC_064035.1_2314675_2314924_pos_53	0.28928	1	2
NC_064035.1_2308471_2308720_pos_54	0.139919	1	3
NC_064035.1_6246143_6246392_pos_55	-0.0551602	1	3
NC_064034.1_10286074_10286323_pos_56	0.428696	1	1
NC_064035.1_16299410_16299659_pos_57	0.13615	1	3
NC_064035.1_19289120_19289369_pos_58	0.0689085	1	5
NC_064035.1_14716723_14716972_pos_59	0.275053	1	4
NC_064034.1_12989380_12989629_pos_60	0.341116	1	1
NC_064035.1_1015305_1015554_pos_61	0.492843	1	3
NC_064035.1_19974868_19975117_pos_62	0.264047	1	5
NC_064034.1_6527158_6527407_pos_63	0.133026	1	4
NC_064034.1_1877234_1877483_pos_64	0.0284711	1	1
NC_064035.1_10429928_10430177_pos_65	0.314417	1	2
NC_064035.1_7892941_7893190_pos_66	0.139991	1	5
NC_064034.1_17459134_17459383_pos_67	0.215185	1	1
NC_064034.1_6836429_6836678_pos_68	0.222737	1	2
NC_064034.1_5699844_5700093_pos_69	0.350409	1	1
NC_064035.1_10521802_10522051_pos_70	0.214994	1	5
NC_064034.1_8672198_8672447_pos_71	-1.07737e-05	1	4
NC_064035.1_15930424_15930673_pos_72	0.289852	1	1
NC_064034.1_5010284_5010533_pos_73	0.129148	1	4
NC_064034.1_19550710_19550959_pos_74	0.63265	1	2
NC_064034.1_17917445_17917694_pos_75	0.636426	1	2
NC_064035.1_16298775_16299024_pos_76	0.132893	1	3
NC_064034.1_3526923_3527172_pos_77	0.207913	1	5
NC_064035.1_14495460_14495709_pos_78	0.193186	1	2
NC_064034.1_17945609_17945858_pos_79	-0.124936	1	5
NC_064035.1_14091573_14091822_pos_80	0.170525	1	1
NC_064035.1_14719328_14719577_pos_81	0.246561	1	2
NC_064035.1_19252612_19252861_pos_82	0.287717	1	2
NC_064035.1_3632881_3633130_pos_83	0.361826	1	4
NC_064035.1_14039482_14039731_pos_84	0.287867	1	2
NC_064035.1_8779908_8780157_pos_85	0.0358267	1	1
NC_064035.1_19600433_19600682_pos_86	0.385734	1	4
NC_064034.1_9650685_9650934_pos_87	0.56883	1	1
NC_064035.1_1289496_1289745_pos_88	0.173277	1	1
NC_064034.1_2578097_2578346_pos_89	0.27606	1	2
NC_064034.1_18519783_18520031_pos_90	0.129761	1	2
NC_064035.1_19823204_19823453_pos_91	-0.135515	1	2
NC_064034.1_12201772_12202021_pos_92	0.0911726	1	2
NC_064035.1_5739868_5740117_pos_93	0.23241	1	1
NC_064035.1_13358342_13358591_pos_94	0.0459261	1	1
NC_064035.1_14995823_14996072_pos_95	0.295158	1	2
NC_064035.1_18662372_18662621_pos_96	0.42769	1	2
NC_064034.1_4892502_4892751_pos_97	0.071562	1	3
NC_064034.1_6021043_6021292_pos_98	0.199147	1	5
NC_064034.1_7737892_7738141_pos_99	0.883834	1	3
NC_064034.1_12398742_12398991_pos_100	-0.172491	1	4
NC_064035.1_14497678_14497927_pos_101	-0.145116	1	2
NC_064034.1_4870932_4871181_pos_102	0.525477	1	4
NC_064034.1_13503883_13504132_pos_103	0.27909	1	3
NC_064034.1_21881795_21882044_pos_104	0.0511958	1	1
NC_064034.1_21671857_21672106_pos_105	0.127098	1	2
NC_064035.1_6794959_6795208_pos_106	0.713739	1	3
NC_064035.1_8111629_8111878_pos_107	0.378368	1	4
NC_064035.1_8988626_8988875_pos_108	0.382054	1	5
NC_064034.1_8111319_8111568_pos_109	0.308533	1	5
NC_064035.1_9391869_9392118_pos_110	0.248741	1	2
NC_064035.1_11802089_11802338_pos_111	0.157319	1	1
NC_064034.1_7819521_7819770_pos_112	0.104364	1	5
NC_064034.1_21880545_21880794_pos_113	0.524582	1	1
NC_064035.1_19791064_19791313_pos_114	0.459141	1	1
NC_064035.1_5394523_5394772_pos_115	0.275686	1	5
NC_064035.1_2312480_2312729_pos_116	0.0202437	1	1
NC_064035.1_2781253_2781502_pos_117	0.323929	1	3
NC_064035.1_8828005_8828254_pos_118	0.38176	1	2
NC_064035.1_19330255_19330504_pos_119	-0.384606	1	5
NC_064035.1_13179668_13179917_pos_120	0.583339	1	1
NC_064034.1_17275975_17276224_pos_121	0.447948	1	2
NC_064035.1_14037582_14037831_pos_122	-0.460552	1	5
NC_064034.1_6479100_6479349_pos_123	0.544227	1	4
NC_064034.1_6201323_6201572_pos_124	0.0965186	1	2
NC_064034.1_6834533_6834782_pos_125	0.0878976	1	1
NC_064034.1_9161187_9161436_pos_126	0.0466518	1	4
NC_064034.1_11023811_11024060_pos_127	0.00320704	1	4
NC_064034.1_12475845_12476094_pos_128	0.208146	1	5
NC_064034.1_18521197_18521446_pos_129	-0.169848	1	5
NC_064034.1_20922312_20922561_pos_130	0.0987226	1	2
NC_064035.1_5063296_5063545_pos_131	0.0648405	1	3
NC_064035.1_5383593_5383842_pos_132	0.181021	1	4
NC_064035.1_5394019_5394268_pos_133	0.0751648	1	4
NC_064035.1_7889968_7890217_pos_134	-0.137198	1	1
NC_064035.1_10489587_10489836_pos_135	0.370638	1	1
NC_064035.1_10517445_10517694_pos_136	0.0742996	1	2
NC_064035.1_10976275_10976524_pos_137	0.0256635	1	5
NC_064035.1_14193318_14193567_pos_138	0.177092	1	2
NC_064035.1_14779785_14780034_pos_139	0.167021	1	5
NC_064035.1_13329839_13330088_pos_140	0.227264	1	5
NC_064035.1_16586742_16586991_pos_141	0.338978	1	2
NC_064034.1_747461_747710_pos_142	0.170616	1	3
NC_064035.1_14037157_14037406_pos_143	0.207603	1	2
NC_064035.1_10009125_10009374_pos_144	0.205534	1	1
NC_064034.1_19403875_19404124_pos_145	0.102808	1	2
NC_064035.1_2328624_2328873_pos_146	0.101183	1	1
NC_064035.1_9054709_9054958_pos_147	0.310296	1	1
NC_064034.1_4480711_4480960_pos_148	0.306346	1	4
NC_064035.1_5268317_5268566_pos_149	-0.136514	1	5
NC_064035.1_12839097_12839346_pos_150	0.285541	1	5
NC_064035.1_13103247_13103496_pos_151	-0.0126248	1	1
NC_064034.1_16285948_16286197_pos_152	0.285616	1	5
NC_064035.1_2022138_2022387_pos_153	0.3413	1	3
NC_064035.1_15673817_15674066_pos_154	0.196699	1	4
NC_064035.1_19792573_19792822_pos_155	0.331007	1	5
NC_064034.1_21682227_21682476_pos_156	0.692824	1	2
NC_064034.1_5293379_5293628_pos_157	0.213916	1	5
NC_064035.1_14440788_14441037_pos_158	-0.0467334	1	3
NC_064035.1_2019656_2019905_pos_159	0.0691511	1	1
NC_064035.1_5340509_5340758_pos_160	0.204939	1	2
NC_064034.1_4086014_4086263_pos_161	0.0702986	1	2
NC_064034.1_17994556_17994805_pos_162	0.00369496	1	3
NC_064035.1_8984544_8984793_pos_163	-0.0927395	1	5
NC_064035.1_10971965_10972214_pos_164	0.141564	1	2
NC_064035.1_6897588_6897837_pos_165	0.103634	1	2
NC_064035.1_1016502_1016751_pos_166	0.33617	1	1
NC_064034.1_16716869_16717118_pos_167	0.0271373	1	3
NC_064034.1_13573153_13573402_pos_168	0.389316	1	1
NC_064034.1_16286697_16286946_pos_169	0.268925	1	2
NC_064034.1_5451821_5452070_pos_170	0.0632027	1	5
NC_064034.1_10224656_10224905_pos_171	0.519256	1	5
NC_064034.1_3060392_3060641_pos_172	-0.0897175	1	3
NC_064034.1_5722734_5722983_pos_173	0.214872	1	2
NC_064034.1_6665766_6666015_pos_174	-0.586998	1	4
NC_064034.1_9210616_9210865_pos_175	0.118339	1	3
NC_064034.1_9331579_9331828_pos_176	0.0525771	1	4
NC_064034.1_12230868_12231117_pos_177	0.0994425	1	4
NC_064034.1_12401185_12401434_pos_178	0.232518	1	4
NC_064034.1_19243016_19243265_pos_179	0.0795363	1	1
NC_064034.1_19387527_19387776_pos_180	0.123346	1	5
NC_064034.1_19932300_19932549_pos_181	0.183813	1	5
NC_064034.1_20726015_20726264_pos_182	0.268045	1	2
NC_064034.1_21517798_21518047_pos_183	0.167744	1	2
NC_064035.1_3472058_3472307_pos_184	0.121784	1	1
NC_064035.1_4911315_4911564_pos_185	-0.061625	1	4
NC_064035.1_7506020_7506269_pos_186	0.0678346	1	1
NC_064035.1_7900957_7901206_pos_187	-0.314744	1	5
NC_064035.1_14497974_14498223_pos_188	0.188514	1	2
NC_064035.1_17097851_17098100_pos_189	0.729441	1	5
NC_064035.1_18790150_18790399_pos_190	0.154634	1	5
NC_064035.1_7887670_7887919_pos_191	0.0128149	1	1
NC_064035.1_14701131_14701380_pos_192	0.284282	1	1
NC_064035.1_14209496_14209745_pos_193	0.303567	1	3
NC_064035.1_15243926_15244175_pos_194	0.312983	1	4
NC_064034.1_15961835_15962084_pos_195	0.27559	1	4
NC_064035.1_9035549_9035798_pos_196	0.315513	1	5
NC_064035.1_19290408_19290657_pos_197	0.301469	1	1
NC_064035.1_6616467_6616716_pos_198	0.132628	1	3
NC_064035.1_14715354_14715603_pos_199	0.00454721	1	5
NC_064035.1_5132385_5132634_pos_200	0.0664312	1	4
NC_064035.1_19298172_19298421_pos_201	0.085141	1	3
NC_064035.1_8996530_8996779_pos_202	0.037801	1	1
NC_064034.1_4917980_4918229_pos_203	0.172707	1	5
NC_064034.1_5158446_5158695_pos_204	0.178331	1	4
NC_064034.1_14946054_14946303_pos_205	0.188235	1	2
NC_064035.1_16116135_16116384_pos_206	0.148074	1	5
NC_064035.1_19268147_19268396_pos_207	0.28123	1	1
NC_064035.1_10329212_10329461_pos_208	0.161072	1	4
NC_064035.1_19967652_19967901_pos_209	0.215993	1	3
NC_064034.1_5876514_5876763_pos_210	0.264192	1	5
NC_064035.1_6356421_6356670_pos_211	0.0424202	1	2
NC_064034.1_1497318_1497567_pos_212	0.129163	1	5
NC_064035.1_5268587_5268836_pos_213	0.0247233	1	2
NC_064034.1_18950268_18950517_pos_214	0.360546	1	4
NC_064035.1_7494538_7494787_pos_215	0.169495	1	4
NC_064035.1_7888139_7888388_pos_216	0.0238407	1	5
NC_064035.1_14191822_14192071_pos_217	0.280373	1	5
NC_064035.1_18942266_18942515_pos_218	0.585573	1	4
NC_064034.1_19905599_19905848_pos_219	0.254614	1	2
NC_064035.1_12834956_12835205_pos_220	0.0524777	1	5
NC_064034.1_15537226_15537475_pos_221	-0.065983	1	3
NC_064034.1_6195118_6195367_pos_222	0.171854	1	5
NC_064034.1_8913013_8913262_pos_223	0.199339	1	4
NC_064035.1_9393773_9394022_pos_224	0.125742	1	1
NC_064034.1_8793880_8794129_pos_225	-0.460101	1	4
NC_064035.1_7891454_7891703_pos_226	0.25663	1	2
NC_064034.1_8212663_8212912_pos_227	0.366448	1	3
NC_064035.1_2785665_2785914_pos_228	0.167094	1	5
NC_064035.1_18875793_18876042_pos_229	0.028012	1	1
NC_064035.1_19489659_19489908_pos_230	0.223681	1	3
NC_064035.1_17409618_17409867_pos_231	0.264148	1	5
NC_064034.1_12314974_12315223_pos_232	0.498348	1	2
NC_064034.1_7918164_7918413_pos_233	-0.0187794	1	1
NC_064034.1_13234372_13234621_pos_234	0.43898	1	5
NC_064035.1_2309809_2310058_pos_235	0.33579	1	2
NC_064034.1_3177583_3177832_pos_236	0.230504	1	1
NC_064034.1_3327014_3327263_pos_237	-0.237639	1	4
NC_064034.1_3982045_3982293_pos_238	0.147092	1	5
NC_064034.1_5628719_5628968_pos_239	-0.185887	1	2
NC_064034.1_9563921_9564169_pos_240	0.0796516	1	1
NC_064034.1_11141802_11142050_pos_241	-0.117145	1	2
NC_064034.1_11869152_11869401_pos_242	0.342782	1	3
NC_064034.1_12400002_12400251_pos_243	0.261444	1	4
NC_064034.1_15548703_15548952_pos_244	-0.141551	1	5
NC_064034.1_15949548_15949797_pos_245	0.367325	1	2
NC_064034.1_18297930_18298179_pos_246	0.102586	1	5
NC_064034.1_18483563_18483812_pos_247	0.252363	1	4
NC_064034.1_19152024_19152273_pos_248	0.426628	1	4
NC_064034.1_19797853_19798101_pos_249	-0.142457	1	4
NC_064034.1_20923446_20923695_pos_250	0.308843	1	3
NC_064035.1_4122689_4122938_pos_251	0.18318	1	5
NC_064035.1_5010979_5011227_pos_252	-0.171396	1	1
NC_064035.1_6279015_6279264_pos_253	-0.00598315	1	3
NC_064035.1_6590261_6590510_pos_254	0.239979	1	1
NC_064035.1_7918407_7918656_pos_255	0.436477	1	2
NC_064035.1_9363264_9363513_pos_256	0.269856	1	2
NC_064035.1_9507426_9507674_pos_257	-0.156168	1	3
NC_064035.1_9852484_9852733_pos_258	-0.173552	1	1
NC_064035.1_13787913_13788162_pos_259	0.108053	1	1
NC_064035.1_14830424_14830673_pos_260	-0.0743189	1	2
NC_064035.1_16353061_16353310_pos_261	-0.00984394	1	2
NC_064035.1_16585332_16585581_pos_262	0.129784	1	5
NC_064034.1_4430776_4431025_pos_263	0.414976	1	2
NC_064035.1_5325495_5325744_pos_264	0.052091	1	4
NC_064035.1_9119811_9120060_pos_265	0.040003	1	4
NC_064035.1_12530514_12530763_pos_266	0.211241	1	2
NC_064034.1_12740922_12741171_pos_267	0.228758	1	5
NC_064034.1_6020538_6020787_pos_268	0.347403	1	2
NC_064035.1_10381372_10381621_pos_269	0.0384734	1	2
NC_064035.1_1454406_1454655_pos_270	0.145801	1	1
NC_064035.1_6664868_6665117_pos_271	-0.0416341	1	1
NC_064035.1_17215439_17215688_pos_272	-0.136625	1	4
NC_064034.1_9651213_9651462_pos_273	0.681191	1	5
NC_064034.1_11345640_11345889_pos_274	0.311522	1	1
NC_064034.1_8639711_8639960_pos_275	0.542727	1	4
NC_064034.1_2098111_2098360_pos_276	0.244732	1	2
NC_064035.1_16812822_16813071_pos_277	0.182901	1	1
NC_064034.1_12253167_12253416_pos_278	0.485816	1	3
NC_064035.1_7310132_7310381_pos_279	-0.0887838	1	5
NC_064035.1_16587121_16587370_pos_280	-0.0533708	1	4
NC_064035.1_2377928_2378177_pos_281	0.15724	1	1
NC_064034.1_6197098_6197347_pos_282	-0.119855	1	2
NC_064034.1_15961615_15961863_pos_283	-0.236021	1	4
NC_064035.1_1167277_1167526_pos_284	-0.0288425	1	5
NC_064035.1_5687603_5687852_pos_285	-0.348076	1	4
NC_064035.1_7711540_7711789_pos_286	0.222629	1	5
NC_064035.1_14260388_14260637_pos_287	0.19735	1	2
NC_064034.1_11614808_11615057_pos_288	-0.56463	1	5
NC_064035.1_2314248_2314497_pos_289	0.245369	1	5
NC_064035.1_11020469_11020718_pos_290	0.152608	1	1
NC_064034.1_3903503_3903752_pos_291	0.364068	1	2
NC_064034.1_10260845_10261094_pos_292	-0.0977013	1	5
NC_064034.1_17454568_17454817_pos_293	-0.274916	1	3
NC_064034.1_19379365_19379614_pos_294	0.255387	1	3
NC_064035.1_16383342_16383591_pos_295	0.00475799	1	4
NC_064034.1_3801102_3801351_pos_296	0.0290745	1	1
NC_064034.1_4868838_4869087_pos_297	0.327556	1	5
NC_064034.1_9477328_9477577_pos_298	-0.0486841	1	3
NC_064035.1_14557602_14557851_pos_299	-0.246157	1	1
NC_064035.1_11775420_11775669_pos_300	-0.111094	1	5
NC_064034.1_10670062_10670311_pos_301	0.118086	1	1
NC_064035.1_5338656_5338905_pos_302	-0.186369	1	1
NC_064035.1_19252340_19252589_pos_303	0.0172245	1	1
NC_064034.1_1494658_1494907_pos_304	0.158057	1	3
NC_064034.1_3471354_3471603_pos_305	0.333769	1	2
NC_064034.1_13693908_13694157_pos_306	0.365042	1	2
NC_064035.1_14023711_14023960_pos_307	-0.129973	1	1
NC_064034.1_11335538_11335787_pos_308	0.561282	1	4
NC_064035.1_3540303_3540552_pos_309	-0.0918523	1	2
NC_064035.1_8383613_8383862_pos_310	0.413143	1	2
NC_064035.1_10734223_10734472_pos_311	0.405075	1	5
NC_064035.1_16603130_16603379_pos_312	0.0562483	1	2
NC_064035.1_12135418_12135667_pos_313	-0.0439685	1	1
NC_064034.1_11849225_11849474_pos_314	0.62574	1	3
NC_064035.1_6897776_6898024_pos_315	-0.160545	1	5
NC_064035.1_13056959_13057208_pos_316	0.880133	1	1
NC_064035.1_13338100_13338349_pos_317	-0.0869454	1	1
NC_064035.1_7764646_7764895_pos_318	-0.0265094	1	1
NC_064034.1_12731202_12731451_pos_319	0.260862	1	4
NC_064035.1_6874267_6874516_pos_320	0.131135	1	5
NC_064035.1_18405475_18405724_pos_321	0.309873	1	2
NC_064034.1_11279132_11279380_pos_322	-0.220848	1	2
NC_064034.1_17695977_17696226_pos_323	-0.106564	1	4
NC_064035.1_11696171_11696420_pos_324	0.258688	1	1
NC_064034.1_7187520_7187769_pos_325	0.419873	1	3
NC_064034.1_2649610_2649859_pos_326	0.233281	1	1
NC_064034.1_8747252_8747501_pos_327	0.462502	1	1
NC_064034.1_12200348_12200597_pos_328	0.525202	1	3
NC_064035.1_2137359_2137608_pos_329	0.148155	1	2
NC_064034.1_10617424_10617673_pos_330	0.429241	1	1
NC_064035.1_13493064_13493313_pos_331	0.494635	1	1
NC_064034.1_21424059_21424308_pos_332	0.148869	1	3
NC_064035.1_1824801_1825050_pos_333	0.0671827	1	3
NC_064034.1_2346333_2346581_pos_334	0.468004	1	2
NC_064034.1_3462995_3463244_pos_335	0.315306	1	4
NC_064034.1_3484338_3484587_pos_336	0.150238	1	5
NC_064034.1_4294323_4294572_pos_337	0.100235	1	5
NC_064034.1_4439044_4439293_pos_338	0.312414	1	4
NC_064034.1_4600638_4600887_pos_339	0.20365	1	3
NC_064034.1_4938236_4938484_pos_340	0.25419	1	4
NC_064034.1_5630548_5630797_pos_341	-0.471132	1	3
NC_064034.1_5891759_5892008_pos_342	0.0577808	1	2
NC_064034.1_8626227_8626476_pos_343	0.358105	1	4
NC_064034.1_8814600_8814849_pos_344	-0.157149	1	4
NC_064034.1_10516733_10516982_pos_345	0.0635803	1	4
NC_064034.1_10873927_10874176_pos_346	0.344666	1	1
NC_064034.1_12169367_12169615_pos_347	0.12109	1	5
NC_064034.1_12251844_12252093_pos_348	0.276433	1	5
NC_064034.1_12253367_12253615_pos_349	0.0378586	1	3
NC_064034.1_12735410_12735659_pos_350	0.359966	1	3
NC_064034.1_12866973_12867222_pos_351	0.628436	1	3
NC_064034.1_13125213_13125461_pos_352	-0.0586503	1	3
NC_064034.1_13328774_13329023_pos_353	0.173125	1	2
NC_064034.1_13561310_13561558_pos_354	-0.0511263	1	4
NC_064034.1_14876871_14877120_pos_355	0.153209	1	3
NC_064034.1_15551040_15551288_pos_356	0.340006	1	2
NC_064034.1_15978420_15978669_pos_357	0.00438957	1	5
NC_064034.1_15979185_15979434_pos_358	-0.128045	1	2
NC_064034.1_16017862_16018110_pos_359	0.433815	1	3
NC_064034.1_16257966_16258215_pos_360	0.35755	1	3
NC_064034.1_19502781_19503029_pos_361	-0.207524	1	5
NC_064034.1_21802612_21802860_pos_362	0.0532768	1	3
NC_064034.1_21838302_21838551_pos_363	0.0174813	1	2
NC_064035.1_2588553_2588802_pos_364	0.157401	1	1
NC_064035.1_5383416_5383664_pos_365	-0.0635584	1	4
NC_064035.1_5481748_5481997_pos_366	0.466242	1	3
NC_064035.1_5790795_5791044_pos_367	0.035959	1	3
NC_064035.1_6042588_6042837_pos_368	-0.00807633	1	3
NC_064035.1_7887145_7887394_pos_369	0.415816	1	3
NC_064035.1_8033823_8034071_pos_370	0.0236471	1	5
NC_064035.1_10241741_10241990_pos_371	0.203668	1	1
NC_064035.1_10541679_10541927_pos_372	0.313369	1	4
NC_064035.1_10625654_10625902_pos_373	0.00563491	1	1
NC_064035.1_12043351_12043599_pos_374	0.0655848	1	5
NC_064035.1_12385952_12386201_pos_375	0.150885	1	2
NC_064035.1_12408457_12408705_pos_376	0.120711	1	3
NC_064035.1_13146513_13146761_pos_377	0.476919	1	2
NC_064035.1_14040574_14040823_pos_378	-0.08353	1	1
NC_064035.1_14649967_14650216_pos_379	0.209104	1	3
NC_064035.1_14717184_14717432_pos_380	0.129677	1	5
NC_064035.1_15537003_15537252_pos_381	0.137636	1	5
NC_064035.1_17989649_17989898_pos_382	0.308742	1	3
NC_064035.1_19244231_19244480_pos_383	0.542279	1	2
NC_064035.1_20239231_20239480_pos_384	0.121556	1	4
NC_064034.1_17088821_17089070_pos_385	-0.0267674	1	3
NC_064034.1_5582344_5582593_pos_386	0.138726	1	5
NC_064034.1_11823086_11823335_pos_387	0.1865	1	4
NC_064035.1_2178754_2179003_pos_388	0.357427	1	5
NC_064035.1_4273912_4274161_pos_389	-0.0817195	1	3
NC_064035.1_4558772_4559021_pos_390	0.175088	1	1
NC_064035.1_8503490_8503739_pos_391	0.349229	1	3
NC_064034.1_7294999_7295248_pos_392	0.189954	1	5
NC_064035.1_8594975_8595224_pos_393	0.191509	1	3
NC_064034.1_14936422_14936670_pos_394	-0.0310717	1	4
NC_064035.1_11925318_11925567_pos_395	0.298346	1	1
NC_064035.1_17205611_17205860_pos_396	-0.0508221	1	3
NC_064034.1_10542935_10543184_pos_397	0.0351128	1	3
NC_064034.1_12493861_12494110_pos_398	0.245232	1	1
NC_064035.1_8827593_8827842_pos_399	-0.105776	1	3
NC_064035.1_16354759_16355008_pos_400	0.282434	1	2
NC_064034.1_5134658_5134907_pos_401	0.168091	1	4
NC_064035.1_3490164_3490413_pos_402	0.176746	1	2
NC_064034.1_8937539_8937788_pos_403	0.392693	1	5
NC_064035.1_13619324_13619573_pos_404	0.0113248	1	3
NC_064034.1_2073744_2073993_pos_405	0.474407	1	5
NC_064034.1_15108477_15108726_pos_406	0.186589	1	4
NC_064034.1_18336824_18337073_pos_407	0.627227	1	2
NC_064034.1_18815473_18815722_pos_408	0.142238	1	3
NC_064035.1_4275610_4275859_pos_409	-0.136926	1	2
NC_064035.1_9000954_9001203_pos_410	0.552499	1	4
NC_064035.1_19796328_19796577_pos_411	0.0260943	1	3
NC_064034.1_20226961_20227210_pos_412	-0.0202871	1	4
NC_064034.1_6205536_6205785_pos_413	0.431949	1	4
NC_064035.1_19035180_19035429_pos_414	-0.0800354	1	5
NC_064034.1_13218748_13218997_pos_415	-0.317437	1	4
NC_064034.1_2672465_2672713_pos_416	0.139849	1	5
NC_064034.1_6755791_6756040_pos_417	0.106932	1	5
NC_064035.1_16934520_16934769_pos_418	0.102509	1	2
NC_064035.1_2482314_2482563_pos_419	0.323709	1	5
NC_064034.1_2592998_2593247_pos_420	0.0411403	1	1
NC_064034.1_4321959_4322208_pos_421	0.207466	1	3
NC_064034.1_4697609_4697858_pos_422	-0.00985014	1	5
NC_064034.1_8306357_8306606_pos_423	0.227995	1	3
NC_064034.1_18183562_18183811_pos_424	-0.242318	1	5
NC_064034.1_18317423_18317672_pos_425	-0.149105	1	3
NC_064034.1_18465888_18466137_pos_426	0.548612	1	4
NC_064034.1_18862802_18863051_pos_427	0.481668	1	5
NC_064035.1_16878715_16878964_pos_428	0.540913	1	3
NC_064034.1_7081231_7081480_pos_429	0.332455	1	3
NC_064034.1_16016408_16016657_pos_430	0.166483	1	3
NC_064035.1_6564893_6565142_pos_431	0.466853	1	1
NC_064035.1_7288821_7289070_pos_432	0.0695331	1	4
NC_064035.1_14533626_14533875_pos_433	0.160756	1	5
NC_064034.1_13054872_13055121_pos_434	-0.0416346	1	5
NC_064034.1_6725526_6725775_pos_435	-0.0745322	1	5
NC_064034.1_12768351_12768600_pos_436	-0.0866257	1	4
NC_064034.1_18295042_18295291_pos_437	0.0883764	1	5
NC_064035.1_11918926_11919175_pos_438	-0.12001	1	2
NC_064034.1_4132803_4133052_pos_439	0.168561	1	1
NC_064035.1_12688168_12688417_pos_440	0.349067	1	2
NC_064035.1_19847863_19848112_pos_441	0.0114466	1	2
NC_064034.1_21678673_21678922_pos_442	0.146674	1	4
NC_064035.1_13170909_13171158_pos_443	-0.0307253	1	5
NC_064034.1_19665855_19666104_pos_444	0.118487	1	4
NC_064034.1_13325061_13325310_pos_445	0.446843	1	4
NC_064034.1_15549694_15549943_pos_446	0.176854	1	5
NC_064034.1_16414645_16414894_pos_447	0.0710567	1	2
NC_064034.1_21302120_21302369_pos_448	0.180247	1	2
NC_064034.1_4365104_4365353_pos_449	0.648639	1	5
NC_064034.1_11681973_11682222_pos_450	0.126397	1	2
NC_064034.1_8324544_8324793_pos_451	0.486796	1	1
NC_064035.1_14443756_14444005_pos_452	0.0707765	1	5
NC_064034.1_6737767_6738016_pos_453	0.365745	1	1
NC_064035.1_1528312_1528561_pos_454	0.119844	1	5
NC_064035.1_12980423_12980672_pos_455	0.0392529	1	3
NC_064035.1_17102520_17102769_pos_456	0.342719	1	3
NC_064035.1_4039559_4039808_pos_457	0.213127	1	1
NC_064035.1_9371226_9371475_pos_458	0.3425	1	3
NC_064035.1_8467015_8467264_pos_459	0.058631	1	4
NC_064034.1_11824449_11824698_pos_460	0.584061	1	1
NC_064035.1_12439930_12440179_pos_461	-0.171328	1	3
NC_064034.1_8777083_8777332_pos_462	0.201935	1	5
NC_064035.1_3501232_3501481_pos_463	0.248895	1	4
NC_064035.1_19067967_19068216_pos_464	0.95616	1	5
NC_064034.1_4432156_4432405_pos_465	0.394322	1	3
NC_064035.1_1176848_1177097_pos_466	0.647873	1	3
NC_064034.1_5450137_5450386_pos_467	0.482226	1	2
NC_064035.1_15556511_15556760_pos_468	0.162777	1	4
NC_064035.1_6897957_6898206_pos_469	0.274967	1	4
NC_064035.1_1455797_1456046_pos_470	0.289686	1	4
NC_064034.1_582074_582323_pos_471	0.137457	1	5
NC_064034.1_1263823_1264071_pos_472	0.242106	1	2
NC_064034.1_1936307_1936556_pos_473	0.311762	1	3
NC_064034.1_2050618_2050867_pos_474	0.143931	1	4
NC_064034.1_2194613_2194862_pos_475	-0.0970918	1	1
NC_064034.1_2386471_2386720_pos_476	0.404519	1	4
NC_064034.1_2689809_2690057_pos_477	0.455884	1	2
NC_064034.1_2994444_2994693_pos_478	-0.113801	1	2
NC_064034.1_3001033_3001281_pos_479	0.0105812	1	4
NC_064034.1_3055068_3055316_pos_480	0.341861	1	5
NC_064034.1_3630194_3630442_pos_481	0.145875	1	3
NC_064034.1_3713721_3713970_pos_482	0.203274	1	3
NC_064034.1_4354408_4354656_pos_483	-0.0863129	1	1
NC_064034.1_4588997_4589246_pos_484	0.257263	1	5
NC_064034.1_4657574_4657823_pos_485	0.34245	1	3
NC_064034.1_4867551_4867800_pos_486	0.194934	1	3
NC_064034.1_4915709_4915958_pos_487	0.245079	1	3
NC_064034.1_4921066_4921315_pos_488	0.175121	1	1
NC_064034.1_5098160_5098409_pos_489	0.161671	1	1
NC_064034.1_5160296_5160545_pos_490	0.26301	1	3
NC_064034.1_5432749_5432998_pos_491	0.14409	1	1
NC_064034.1_5695712_5695960_pos_492	-0.56266	1	4
NC_064034.1_6149431_6149680_pos_493	0.275221	1	3
NC_064034.1_6273317_6273565_pos_494	-0.175229	1	2
NC_064034.1_6307476_6307724_pos_495	0.074243	1	1
NC_064034.1_6504348_6504596_pos_496	0.1501	1	2
NC_064034.1_6715020_6715269_pos_497	0.0376515	1	4
NC_064034.1_6809428_6809677_pos_498	0.382337	1	3
NC_064034.1_7182534_7182783_pos_499	0.342105	1	3
NC_064034.1_7624117_7624366_pos_500	0.198249	1	1
NC_064034.1_7885711_7885960_pos_501	0.0362062	1	3
NC_064034.1_7922112_7922361_pos_502	0.0325746	1	3
NC_064034.1_8137941_8138190_pos_503	0.100756	1	5
NC_064034.1_8142378_8142626_pos_504	-0.280711	1	3
NC_064034.1_8219919_8220168_pos_505	-0.0868481	1	3
NC_064034.1_8721337_8721586_pos_506	-0.0219362	1	2
NC_064034.1_8870653_8870901_pos_507	0.0112896	1	4
NC_064034.1_8877079_8877328_pos_508	0.169145	1	3
NC_064034.1_8937733_8937981_pos_509	-0.0873059	1	5
NC_064034.1_9512505_9512754_pos_510	-0.172891	1	2
NC_064034.1_9585648_9585897_pos_511	0.234771	1	2
NC_064034.1_10232519_10232768_pos_512	0.0225081	1	1
NC_064034.1_10387242_10387490_pos_513	0.0658706	1	4
NC_064034.1_11131255_11131503_pos_514	0.00888751	1	4
NC_064034.1_11581338_11581586_pos_515	-0.0409866	1	3
NC_064034.1_12233763_12234012_pos_516	0.167739	1	2
NC_064034.1_12743764_12744012_pos_517	-0.309808	1	4
NC_064034.1_13244971_13245219_pos_518	0.744761	1	1
NC_064034.1_13640942_13641190_pos_519	0.215531	1	2
NC_064034.1_16073767_16074016_pos_520	0.0371888	1	3
NC_064034.1_16185801_16186049_pos_521	0.0847842	1	5
NC_064034.1_16292910_16293158_pos_522	-0.762533	1	4
NC_064034.1_17089631_17089880_pos_523	0.462123	1	4
NC_064034.1_17173897_17174145_pos_524	0.303477	1	2
NC_064034.1_17708350_17708598_pos_525	0.295444	1	3
NC_064034.1_18027870_18028119_pos_526	0.305472	1	5
NC_064034.1_18128548_18128796_pos_527	-0.00308085	1	4
NC_064034.1_18180275_18180524_pos_528	0.404206	1	3
NC_064034.1_18219243_18219491_pos_529	-0.111599	1	4
NC_064034.1_18484350_18484599_pos_530	0.31678	1	2
NC_064034.1_19080472_19080720_pos_531	0.303321	1	1
NC_064034.1_19500728_19500977_pos_532	-0.118952	1	1
NC_064034.1_19670097_19670346_pos_533	0.0505427	1	3
NC_064034.1_20118856_20119104_pos_534	0.460169	1	2
NC_064034.1_20926551_20926800_pos_535	-0.0118396	1	1
NC_064034.1_21416642_21416890_pos_536	0.600016	1	4
NC_064034.1_21624757_21625005_pos_537	-0.245191	1	4
NC_064034.1_21816519_21816767_pos_538	0.0939038	1	1
NC_064034.1_21947445_21947693_pos_539	0.00273002	1	4
NC_064035.1_1831246_1831495_pos_540	0.494293	1	1
NC_064035.1_2131308_2131556_pos_541	-0.000702729	1	4
NC_064035.1_2179486_2179735_pos_542	0.00379184	1	1
NC_064035.1_2295391_2295639_pos_543	0.291512	1	2
NC_064035.1_2511301_2511549_pos_544	-0.0199383	1	5
NC_064035.1_2707391_2707640_pos_545	0.0259386	1	5
NC_064035.1_2715901_2716150_pos_546	0.0102548	1	5
NC_064035.1_2989707_2989956_pos_547	0.040436	1	3
NC_064035.1_3239028_3239276_pos_548	0.10588	1	2
NC_064035.1_3245749_3245997_pos_549	0.0916415	1	3
NC_064035.1_3710747_3710996_pos_550	0.466026	1	2
NC_064035.1_3896220_3896468_pos_551	0.501793	1	1
NC_064035.1_4170347_4170596_pos_552	-0.139013	1	5
NC_064035.1_4804925_4805173_pos_553	0.14096	1	1
NC_064035.1_4889919_4890168_pos_554	0.108927	1	1
NC_064035.1_5069118_5069367_pos_555	0.462889	1	5
NC_064035.1_5192320_5192569_pos_556	0.106016	1	4
NC_064035.1_5481433_5481682_pos_557	0.8584	1	4
NC_064035.1_5561285_5561534_pos_558	0.18121	1	4
NC_064035.1_6627605_6627854_pos_559	0.438343	1	3
NC_064035.1_6758491_6758740_pos_560	0.518103	1	5
NC_064035.1_6895647_6895895_pos_561	0.10365	1	1
NC_064035.1_7063919_7064168_pos_562	-0.0755925	1	1
NC_064035.1_7598856_7599104_pos_563	-0.186377	1	5
NC_064035.1_7906793_7907042_pos_564	-0.129109	1	5
NC_064035.1_8100996_8101244_pos_565	0.140669	1	2
NC_064035.1_8400449_8400697_pos_566	0.0697889	1	3
NC_064035.1_8730216_8730465_pos_567	0.319897	1	1
NC_064035.1_8830071_8830319_pos_568	-0.00866652	1	2
NC_064035.1_9409526_9409775_pos_569	0.466944	1	1
NC_064035.1_9510547_9510795_pos_570	-0.0367927	1	4
NC_064035.1_9599791_9600040_pos_571	0.186967	1	5
NC_064035.1_9859501_9859749_pos_572	-0.230042	1	2
NC_064035.1_9919204_9919452_pos_573	0.132908	1	3
NC_064035.1_10230763_10231012_pos_574	-0.0281829	1	2
NC_064035.1_10307887_10308135_pos_575	-0.331504	1	2
NC_064035.1_10584198_10584447_pos_576	0.0886635	1	3
NC_064035.1_10662160_10662408_pos_577	0.750034	1	4
NC_064035.1_12095127_12095376_pos_578	0.638167	1	5
NC_064035.1_12273126_12273374_pos_579	-0.142923	1	1
NC_064035.1_13190143_13190391_pos_580	0.362117	1	2
NC_064035.1_13383141_13383390_pos_581	0.0229581	1	1
NC_064035.1_14186826_14187075_pos_582	0.0389943	1	4
NC_064035.1_14632204_14632452_pos_583	-0.133663	1	2
NC_064035.1_14678681_14678929_pos_584	0.063795	1	3
NC_064035.1_14717346_14717595_pos_585	0.0660036	1	4
NC_064035.1_14758253_14758501_pos_586	0.0735756	1	4
NC_064035.1_14782436_14782685_pos_587	0.394171	1	1
NC_064035.1_15111925_15112173_pos_588	0.619621	1	5
NC_064035.1_15267904_15268153_pos_589	0.13781	1	1
NC_064035.1_15854168_15854417_pos_590	0.27661	1	5
NC_064035.1_16113679_16113928_pos_591	-0.0394619	1	5
NC_064035.1_16213858_16214107_pos_592	0.14178	1	3
NC_064035.1_17590421_17590670_pos_593	0.27163	1	3
NC_064035.1_17816862_17817111_pos_594	0.433595	1	4
NC_064035.1_19254324_19254572_pos_595	-0.235335	1	2
NC_064035.1_19271092_19271341_pos_596	0.523004	1	2
NC_064035.1_19392011_19392259_pos_597	0.141497	1	4
NC_064035.1_19747679_19747928_pos_598	0.067491	1	3
NC_064034.1_6233707_6233956_pos_599	0.185556	1	4
NC_064035.1_12257579_12257828_pos_600	0.181193	1	3
NC_064035.1_7159388_7159637_pos_601	-0.219482	1	4
NC_064034.1_9856510_9856759_pos_602	0.303046	1	1
NC_064035.1_15740263_15740512_pos_603	0.239072	1	3
NC_064034.1_1046407_1046656_pos_604	0.0459629	1	5
NC_064034.1_17686651_17686900_pos_605	-0.125478	1	3
NC_064034.1_5162593_5162842_pos_606	0.426444	1	1
NC_064034.1_19971079_19971328_pos_607	-0.0654817	1	3
NC_064035.1_10934564_10934813_pos_608	0.461376	1	1
NC_064035.1_15073760_15074009_pos_609	0.446491	1	2
NC_064035.1_18781934_18782183_pos_610	0.30073	1	4
NC_064034.1_9679480_9679729_pos_611	0.0974266	1	1
NC_064034.1_13251557_13251806_pos_612	0.0580786	1	5
NC_064035.1_10928239_10928488_pos_613	-0.00190066	1	5
NC_064034.1_5629500_5629749_pos_614	0.111028	1	3
NC_064035.1_10475956_10476205_pos_615	0.136058	1	2
NC_064034.1_11632070_11632319_pos_616	0.318419	1	5
NC_064034.1_21815871_21816120_pos_617	-0.117969	1	2
NC_064035.1_16586172_16586421_pos_618	0.301394	1	5
NC_064034.1_10357819_10358068_pos_619	0.0960596	1	4
NC_064034.1_15884739_15884988_pos_620	0.0683258	1	3
NC_064035.1_6403200_6403449_pos_621	0.252189	1	4
NC_064035.1_9364267_9364516_pos_622	-0.0495909	1	1
NC_064035.1_1112125_1112374_pos_623	0.257308	1	1
NC_064035.1_3310326_3310575_pos_624	0.19227	1	3
NC_064035.1_4134506_4134755_pos_625	0.0954339	1	5
NC_064035.1_10798413_10798662_pos_626	-0.0759292	1	2
NC_064035.1_19191247_19191496_pos_627	0.216126	1	3
NC_064034.1_7959836_7960085_pos_628	0.604118	1	3
NC_064034.1_17408150_17408399_pos_629	0.135343	1	1
NC_064034.1_18463595_18463844_pos_630	0.0869944	1	1
NC_064035.1_9035711_9035959_pos_631	0.0938749	1	2
NC_064034.1_8941361_8941610_pos_632	0.288646	1	1
NC_064035.1_9181471_9181720_pos_633	-0.0571759	1	3
NC_064035.1_15927100_15927349_pos_634	0.343313	1	4
NC_064034.1_13597749_13597998_pos_635	0.267793	1	2
NC_064034.1_7940603_7940852_pos_636	0.155831	1	3
NC_064034.1_19714131_19714380_pos_637	-0.0770094	1	3
NC_064034.1_2576774_2577023_pos_638	-0.026109	1	4
NC_064034.1_2856259_2856507_pos_639	-0.23262	1	3
NC_064034.1_3910055_3910304_pos_640	0.0737034	1	2
NC_064034.1_4871608_4871857_pos_641	-0.0351257	1	5
NC_064034.1_12079200_12079449_pos_642	0.305664	1	5
NC_064035.1_4863265_4863514_pos_643	0.222099	1	5
NC_064035.1_5400144_5400393_pos_644	-0.182353	1	5
NC_064035.1_9538841_9539090_pos_645	0.0999387	1	1
NC_064035.1_10518416_10518665_pos_646	0.370912	1	2
NC_064034.1_1542666_1542915_pos_647	0.161472	1	3
NC_064034.1_5134468_5134716_pos_648	0.150695	1	5
NC_064034.1_6484674_6484923_pos_649	0.255917	1	1
NC_064034.1_6660763_6661012_pos_650	-0.030651	1	1
NC_064034.1_7552307_7552556_pos_651	-0.169737	1	4
NC_064034.1_11679505_11679754_pos_652	0.430777	1	1
NC_064034.1_18387686_18387935_pos_653	0.2739	1	3
NC_064034.1_19501014_19501263_pos_654	0.0761598	1	2
NC_064034.1_21338638_21338887_pos_655	0.222955	1	1
NC_064035.1_2313356_2313605_pos_656	0.134804	1	4
NC_064035.1_10001451_10001699_pos_657	0.0243504	1	4
NC_064034.1_16229157_16229406_pos_658	0.410616	1	5
NC_064035.1_15362502_15362751_pos_659	0.667214	1	3
NC_064034.1_1044047_1044296_pos_660	0.770548	1	3
NC_064034.1_21760075_21760324_pos_661	0.188847	1	1
NC_064035.1_2440669_2440918_pos_662	0.156012	1	5
NC_064035.1_3423657_3423906_pos_663	0.00128415	1	2
NC_064035.1_5983486_5983735_pos_664	0.0891938	1	1
NC_064035.1_7386139_7386388_pos_665	-0.260871	1	4
NC_064035.1_17986872_17987121_pos_666	0.218304	1	2
NC_064034.1_1661472_1661721_pos_667	0.275262	1	4
NC_064034.1_8229391_8229640_pos_668	-0.0114086	1	1
NC_064034.1_9205001_9205250_pos_669	0.258169	1	2
NC_064034.1_10610080_10610329_pos_670	0.344995	1	5
NC_064034.1_19888609_19888858_pos_671	-0.0446326	1	2
NC_064034.1_20573290_20573539_pos_672	0.302121	1	3
NC_064035.1_1018728_1018977_pos_673	-0.255953	1	4
NC_064035.1_1167632_1167881_pos_674	-0.0795005	1	2
NC_064035.1_12181414_12181663_pos_675	0.0534355	1	2
NC_064035.1_13105478_13105727_pos_676	0.209966	1	4
NC_064035.1_17693749_17693998_pos_677	0.163529	1	4
NC_064035.1_9436128_9436377_pos_678	0.0324427	1	4
NC_064035.1_3018786_3019035_pos_679	-0.113458	1	4
NC_064034.1_3526234_3526483_pos_680	0.524352	1	4
NC_064034.1_9795585_9795834_pos_681	0.12003	1	5
NC_064034.1_18485559_18485808_pos_682	0.234632	1	1
NC_064035.1_2438777_2439026_pos_683	-0.0323739	1	1
NC_064035.1_2762301_2762550_pos_684	0.642404	1	2
NC_064035.1_5783997_5784246_pos_685	0.300369	1	3
NC_064035.1_10647345_10647594_pos_686	0.305772	1	4
NC_064034.1_3887287_3887536_pos_687	0.172445	1	3
NC_064035.1_16822540_16822789_pos_688	0.361526	1	3
NC_064034.1_8173244_8173493_pos_689	-0.123832	1	1
NC_064034.1_8217132_8217381_pos_690	0.380057	1	5
NC_064034.1_3987543_3987792_pos_691	0.18904	1	2
NC_064035.1_16393174_16393423_pos_692	-0.521953	1	4
NC_064035.1_2603283_2603532_pos_693	-0.213627	1	5
NC_064035.1_7605153_7605402_pos_694	0.0151206	1	4
NC_064034.1_18131178_18131427_pos_695	0.0962056	1	2
NC_064035.1_11463067_11463316_pos_696	0.236332	1	4
NC_064035.1_15735786_15736035_pos_697	0.318919	1	4
NC_064034.1_9349534_9349783_pos_698	0.187128	1	5
NC_064034.1_21337693_21337942_pos_699	0.16053	1	1
NC_064035.1_10739734_10739983_pos_700	0.365147	1	3
NC_064041.1_8687354_8687603_neg_1	-0.288158	-1	5
NC_064041.1_6105512_6105761_neg_2	0.089931	-1	4
NC_064034.1_11689248_11689497_neg_3	-0.287328	-1	2
NC_064047.1_8351807_8352056_neg_4	-0.286966	-1	4
NC_064036.1_8711793_8712042_neg_5	-0.636426	-1	2
NC_064042.1_2474494_2474743_neg_6	0.0380593	-1	1
NC_064038.1_17134104_17134352_neg_7	-0.49733	-1	3
NC_064036.1_18166354_18166602_neg_8	-0.473488	-1	4
NC_064047.1_10945546_10945795_neg_9	-0.167229	-1	2
NC_064037.1_10586530_10586779_neg_10	0.204927	-1	3
NC_064041.1_9585676_9585925_neg_11	-0.0528034	-1	5
NC_064044.1_9077035_9077284_neg_12	-0.0878956	-1	4
NC_064044.1_5669597_5669846_neg_13	0.0830421	-1	1
NC_064035.1_20436706_20436955_neg_14	-0.0382282	-1	4
NC_064042.1_15872918_15873167_neg_15	-0.0379794	-1	5
NC_064034.1_4079623_4079871_neg_16	0.0242643	-1	5
NC_064043.1_4572225_4572474_neg_17	-0.0941592	-1	1
NC_064039.1_12980667_12980916_neg_18	0.129078	-1	4
NC_064035.1_17846674_17846923_neg_19	-0.121083	-1	1
NC_064036.1_10289227_10289476_neg_20	0.156922	-1	1
NC_064041.1_9473522_9473770_neg_21	0.324315	-1	3
NC_064039.1_7636160_7636409_neg_22	0.163337	-1	2
NC_064037.1_6016807_6017056_neg_23	-0.0611445	-1	4
NC_064048.1_1176361_1176609_neg_24	0.161983	-1	4
NC_064038.1_8927250_8927499_neg_25	-0.128501	-1	2
NC_064047.1_3211153_3211402_neg_26	-0.0786632	-1	3
NC_064040.1_7445661_7445910_neg_27	-0.0619511	-1	5
NC_064038.1_16191886_16192134_neg_28	-0.336279	-1	5
NC_064035.1_16399127_16399376_neg_29	0.00624145	-1	4
NC_064037.1_6393637_6393885_neg_30	0.0679444	-1	3
NC_064040.1_6928916_6929164_neg_31	0.074981	-1	2
NC_064038.1_8161844_8162093_neg_32	-0.169165	-1	1
NC_064036.1_2707717_2707966_neg_33	0.409625	-1	5
NC_064034.1_19998001_19998250_neg_34	-0.135933	-1	1
NC_064043.1_14207934_14208182_neg_35	-0.164543	-1	4
NC_064043.1_12476045_12476294_neg_36	-0.0639435	-1	1
NC_064044.1_16188729_16188977_neg_37	-0.10804	-1	4
NC_064040.1_14075604_14075853_neg_38	-0.417508	-1	4
NC_064047.1_12779396_12779645_neg_39	0.132071	-1	3
NC_064037.1_17813453_17813701_neg_40	-0.243861	-1	3
NC_064046.1_10021014_10021263_neg_41	-0.399718	-1	5
NC_064037.1_3842076_3842325_neg_42	-0.490997	-1	1
NC_064042.1_1410911_1411160_neg_43	-0.204053	-1	5
NC_064040.1_8327463_8327711_neg_44	-0.113286	-1	4
NC_064035.1_8627076_8627325_neg_45	-0.155153	-1	1
NC_064037.1_16555817_16556066_neg_46	0.000252331	-1	5
NC_064047.1_11832200_11832449_neg_47	-0.11157	-1	1
NC_064035.1_9815450_9815699_neg_48	-0.441836	-1	1
NC_064041.1_8438847_8439096_neg_49	-0.0945342	-1	3
NC_064042.1_994087_994336_neg_50	-0.243996	-1	5
NC_064034.1_17422560_17422809_neg_51	-0.324487	-1	4
NC_064042.1_14692363_14692611_neg_52	0.123094	-1	5
NC_064047.1_5695967_5696216_neg_53	-0.239863	-1	2
NC_064038.1_6164634_6164883_neg_54	-0.0201765	-1	1
NC_064047.1_3761158_3761406_neg_55	0.24866	-1	1
NC_064046.1_3411891_3412139_neg_56	-0.33291	-1	5
NC_064035.1_5340997_5341245_neg_57	0.0755895	-1	3
NC_064034.1_14347849_14348098_neg_58	-0.308326	-1	3
NC_064037.1_3711287_3711535_neg_59	0.0631067	-1	1
NC_064045.1_7907214_7907463_neg_60	-0.656833	-1	1
NC_064036.1_8706366_8706615_neg_61	-0.596796	-1	5
NC_064036.1_12991822_12992070_neg_62	0.291751	-1	3
NC_064037.1_8334041_8334289_neg_63	0.106936	-1	5
NC_064034.1_14197527_14197775_neg_64	-0.208446	-1	1
NC_064040.1_15910748_15910996_neg_65	-0.328307	-1	5
NC_064036.1_12550626_12550875_neg_66	0.0126603	-1	5
NC_064040.1_5303480_5303728_neg_67	-0.844203	-1	1
NC_064044.1_165850_166099_neg_68	-0.273997	-1	1
NC_064036.1_17842806_17843055_neg_69	-0.489291	-1	2
NC_064042.1_10964404_10964652_neg_70	-0.255242	-1	4
NC_064047.1_6687497_6687745_neg_71	-0.192612	-1	3
NC_064035.1_17642365_17642613_neg_72	0.235597	-1	5
NC_064044.1_12858336_12858585_neg_73	-0.0156319	-1	1
NC_064045.1_10282445_10282694_neg_74	0.0162259	-1	4
NC_064047.1_8963594_8963842_neg_75	0.394679	-1	2
NC_064041.1_13041907_13042155_neg_76	0.0302161	-1	3
NC_064034.1_15425179_15425428_neg_77	0.221649	-1	4
NC_064044.1_14609865_14610114_neg_78	-0.38579	-1	1
NC_064035.1_2464866_2465115_neg_79	-0.327218	-1	2
NC_064034.1_4925723_4925972_neg_80	0.00734237	-1	3
NC_064039.1_14458310_14458559_neg_81	-0.121053	-1	5
NC_064035.1_3199783_3200032_neg_82	0.149566	-1	2
NC_064045.1_15192470_15192718_neg_83	0.0409766	-1	1
NC_064036.1_9154399_9154648_neg_84	-0.0282826	-1	1
NC_064044.1_12137950_12138198_neg_85	-0.76213	-1	2
NC_064041.1_11976750_11976998_neg_86	0.190681	-1	3
NC_064037.1_14965564_14965812_neg_87	-0.110185	-1	3
NC_064040.1_8073435_8073683_neg_88	0.101026	-1	2
NC_064040.1_17365098_17365347_neg_89	-0.241187	-1	3
NC_064040.1_15012517_15012766_neg_90	0.120712	-1	3
NC_064041.1_10488784_10489033_neg_91	0.126115	-1	5
NC_064042.1_16677047_16677295_neg_92	-0.0728851	-1	2
NC_064040.1_1239911_1240159_neg_93	-0.284817	-1	3
NC_064036.1_7851945_7852194_neg_94	-0.0540953	-1	5
NC_064038.1_10943572_10943821_neg_95	-0.148917	-1	1
NC_064035.1_19932081_19932329_neg_96	0.0933633	-1	3
NC_064048.1_10958045_10958294_neg_97	-0.0811638	-1	1
NC_064035.1_3797113_3797362_neg_98	-1.28048	-1	1
NC_064047.1_15304836_15305085_neg_99	0.327732	-1	2
NC_064046.1_14383297_14383546_neg_100	0.0128733	-1	5
NC_064035.1_94070_94319_neg_101	-0.321639	-1	1
NC_064047.1_4580434_4580683_neg_102	-0.25027	-1	5
NC_064034.1_12439139_12439388_neg_103	-0.134209	-1	1
NC_064046.1_11956249_11956497_neg_104	-0.33388	-1	4
NC_064036.1_13298992_13299241_neg_105	0.181219	-1	4
NC_064037.1_2543082_2543331_neg_106	0.267334	-1	5
NC_064035.1_20874531_20874779_neg_107	-0.0162151	-1	5
NC_064041.1_10493105_10493353_neg_108	-0.358477	-1	5
NC_064034.1_13895379_13895628_neg_109	-0.075534	-1	3
NC_064034.1_12191572_12191821_neg_110	-0.171239	-1	2
NC_064043.1_6557088_6557337_neg_111	-0.125679	-1	5
NC_064035.1_440107_440355_neg_112	-1.26547	-1	1
NC_064048.1_5775997_5776246_neg_113	-0.0686399	-1	2
NC_064035.1_7963813_7964062_neg_114	0.0508185	-1	3
NC_064047.1_12794408_12794657_neg_115	0.0416461	-1	1
NC_064044.1_14716693_14716942_neg_116	-0.18536	-1	4
NC_064048.1_4310964_4311213_neg_117	-0.0402156	-1	5
NC_064047.1_7134767_7135015_neg_118	-0.0954976	-1	4
NC_064043.1_5860864_5861112_neg_119	-0.220215	-1	3
NC_064038.1_2431985_2432234_neg_120	-0.00654658	-1	1
NC_064035.1_9731064_9731313_neg_121	-0.230727	-1	5
NC_064037.1_841464_841712_neg_122	-1.03104	-1	2
NC_064036.1_9923701_9923949_neg_123	-0.55526	-1	2
NC_064045.1_4486739_4486987_neg_124	-0.156294	-1	4
NC_064038.1_3558301_3558550_neg_125	-0.227279	-1	2
NC_064042.1_17240864_17241112_neg_126	-0.508097	-1	5
NC_064036.1_16646383_16646631_neg_127	0.0513341	-1	3
NC_064036.1_14989970_14990219_neg_128	-0.260746	-1	2
NC_064041.1_10459856_10460104_neg_129	-0.402538	-1	1
NC_064034.1_18007675_18007923_neg_130	0.113407	-1	2
NC_064043.1_15040297_15040546_neg_131	-0.625957	-1	1
NC_064046.1_859074_859323_neg_132	0.118235	-1	5
NC_064039.1_10012860_10013109_neg_133	-0.346489	-1	4
NC_064035.1_16896123_16896371_neg_134	-0.112995	-1	4
NC_064034.1_13123066_13123314_neg_135	-0.206883	-1	2
NC_064037.1_9007525_9007773_neg_136	-0.450271	-1	1
NC_064046.1_15925612_15925861_neg_137	-0.953868	-1	5
NC_064037.1_11141580_11141828_neg_138	-0.00591084	-1	5
NC_064034.1_7050593_7050842_neg_139	0.0376021	-1	5
NC_064045.1_1549310_1549559_neg_140	-0.050071	-1	5
NC_064047.1_9707749_9707998_neg_141	0.278924	-1	2
NC_064040.1_4202211_4202459_neg_142	-0.339099	-1	3
NC_064034.1_9839917_9840166_neg_143	0.17835	-1	3
NC_064036.1_14697554_14697803_neg_144	-0.0402808	-1	3
NC_064039.1_11500810_11501058_neg_145	-0.108054	-1	1
NC_064043.1_10521748_10521997_neg_146	-0.249955	-1	4
NC_064048.1_743989_744238_neg_147	0.0102127	-1	4
NC_064037.1_5344705_5344953_neg_148	-0.404393	-1	5
NC_064041.1_9858889_9859137_neg_149	-0.207085	-1	5
NC_064047.1_3342557_3342805_neg_150	-0.0669739	-1	3
NC_064043.1_15319258_15319507_neg_151	-0.641167	-1	3
NC_064037.1_6725953_6726201_neg_152	0.081059	-1	2
NC_064046.1_13396830_13397078_neg_153	0.431433	-1	3
NC_064038.1_17891290_17891539_neg_154	-0.0942191	-1	2
NC_064045.1_13590679_13590927_neg_155	0.00440528	-1	5
NC_064042.1_11736355_11736603_neg_156	0.117588	-1	5
NC_064047.1_12272360_12272608_neg_157	-0.120659	-1	2
NC_064034.1_15405661_15405910_neg_158	-0.299787	-1	1
NC_064045.1_6225566_6225814_neg_159	0.0843501	-1	3
NC_064037.1_17031429_17031677_neg_160	0.0381464	-1	1
NC_064034.1_8869787_8870035_neg_161	-0.199823	-1	5
NC_064037.1_13883577_13883826_neg_162	-0.248505	-1	3
NC_064034.1_1196617_1196866_neg_163	-0.751014	-1	3
NC_064035.1_4759356_4759605_neg_164	-0.289954	-1	2
NC_064039.1_17760244_17760492_neg_165	-1.01976	-1	3
NC_064047.1_10453591_10453840_neg_166	0.189571	-1	2
NC_064035.1_15380156_15380405_neg_167	-0.357572	-1	4
NC_064034.1_12461348_12461597_neg_168	-0.285427	-1	1
NC_064036.1_10075958_10076207_neg_169	-0.0406528	-1	5
NC_064036.1_14685501_14685750_neg_170	-0.0604504	-1	1
NC_064037.1_11524178_11524426_neg_171	0.23835	-1	3
NC_064036.1_19156963_19157212_neg_172	0.111615	-1	1
NC_064034.1_7745800_7746049_neg_173	0.103145	-1	5
NC_064037.1_968034_968283_neg_174	-0.335881	-1	4
NC_064034.1_6961070_6961318_neg_175	-0.5573	-1	2
NC_064043.1_3340768_3341017_neg_176	-0.479499	-1	2
NC_064043.1_1242270_1242518_neg_177	-1.0721	-1	4
NC_064034.1_4232942_4233190_neg_178	0.491451	-1	2
NC_064038.1_7192549_7192797_neg_179	0.228281	-1	5
NC_064038.1_1920913_1921161_neg_180	-1.0873	-1	1
NC_064036.1_7622503_7622752_neg_181	-0.42714	-1	3
NC_064035.1_12197997_12198246_neg_182	-0.431482	-1	2
NC_064040.1_12863055_12863304_neg_183	-0.116207	-1	5
NC_064042.1_14415561_14415810_neg_184	-0.0574411	-1	5
NC_064043.1_11917788_11918037_neg_185	-0.060753	-1	5
NC_064042.1_6597933_6598182_neg_186	-0.889881	-1	3
NC_064040.1_13657328_13657577_neg_187	-0.817616	-1	5
NC_064042.1_426375_426624_neg_188	0.122972	-1	2
NC_064046.1_6522619_6522868_neg_189	-0.35593	-1	3
NC_064038.1_12624709_12624958_neg_190	-0.0824396	-1	1
NC_064045.1_9574915_9575164_neg_191	-0.406593	-1	1
NC_064038.1_3238680_3238928_neg_192	-0.126766	-1	2
NC_064043.1_15282379_15282628_neg_193	0.158122	-1	2
NC_064045.1_11358682_11358931_neg_194	0.0128238	-1	4
NC_064039.1_2426496_2426745_neg_195	-0.155079	-1	2
NC_064035.1_12823134_12823383_neg_196	0.0117308	-1	1
NC_064034.1_16292912_16293160_neg_197	0.993643	-1	5
NC_064038.1_9139711_9139960_neg_198	-0.702925	-1	2
NC_064048.1_13066781_13067029_neg_199	-0.922318	-1	3
NC_064046.1_8661101_8661350_neg_200	-0.607298	-1	1
NC_064039.1_7109957_7110206_neg_201	-0.230665	-1	2
NC_064036.1_10293315_10293564_neg_202	-0.352099	-1	2
NC_064044.1_16172220_16172469_neg_203	0.111629	-1	3
NC_064035.1_7260743_7260991_neg_204	0.177233	-1	5
NC_064048.1_10376203_10376451_neg_205	0.0293184	-1	5
NC_064041.1_11732730_11732979_neg_206	-0.267091	-1	5
NC_064038.1_4507054_4507302_neg_207	0.24642	-1	2
NC_064036.1_19720746_19720994_neg_208	-0.239841	-1	3
NC_064045.1_11427183_11427432_neg_209	-0.536328	-1	5
NC_064038.1_17188308_17188557_neg_210	-0.409198	-1	4
NC_064035.1_3283238_3283486_neg_211	-0.0115894	-1	4
NC_064040.1_3080870_3081119_neg_212	-0.364868	-1	1
NC_064045.1_12718682_12718930_neg_213	-0.140031	-1	3
NC_064044.1_8475556_8475805_neg_214	-0.456284	-1	2
NC_064046.1_11237551_11237800_neg_215	-0.00960956	-1	3
NC_064046.1_8773247_8773496_neg_216	-0.208503	-1	4
NC_064043.1_16055009_16055258_neg_217	0.0390173	-1	1
NC_064035.1_19364220_19364469_neg_218	0.0593029	-1	4
NC_064046.1_12046704_12046953_neg_219	-0.305256	-1	2
NC_064040.1_6413965_6414213_neg_220	0.336999	-1	5
NC_064037.1_16902341_16902590_neg_221	0.0585227	-1	2
NC_064047.1_2483306_2483554_neg_222	-0.452756	-1	3
NC_064043.1_13183362_13183610_neg_223	-0.0197167	-1	2
NC_064046.1_516998_517246_neg_224	0.067193	-1	1
NC_064044.1_15589216_15589465_neg_225	-0.0827743	-1	2
NC_064040.1_13627364_13627613_neg_226	-0.174921	-1	3
NC_064041.1_9477060_9477309_neg_227	0.02805	-1	5
NC_064046.1_10581645_10581894_neg_228	-0.469971	-1	4
NC_064044.1_10832023_10832271_neg_229	-0.194175	-1	5
NC_064036.1_20574408_20574657_neg_230	-0.0567445	-1	1
NC_064043.1_9231560_9231808_neg_231	-0.063144	-1	1
NC_064035.1_16208466_16208715_neg_232	-0.251032	-1	2
NC_064048.1_12584289_12584537_neg_233	-0.0700123	-1	2
NC_064047.1_15300505_15300753_neg_234	-0.081613	-1	2
NC_064034.1_8208727_8208976_neg_235	4.41805e-05	-1	2
NC_064041.1_5122935_5123184_neg_236	0.205586	-1	1
NC_064041.1_5724275_5724524_neg_237	-0.622172	-1	4
NC_064045.1_13885827_13886076_neg_238	-0.218734	-1	4
NC_064041.1_11066195_11066443_neg_239	0.143271	-1	2
NC_064034.1_20748304_20748553_neg_240	-0.238585	-1	3
NC_064043.1_3799460_3799709_neg_241	-0.139539	-1	3
NW_026019272.1_60137_60385_neg_242	-0.0826341	-1	1
NC_064048.1_4543882_4544131_neg_243	-0.294546	-1	3
NC_064036.1_9021165_9021413_neg_244	-0.038308	-1	3
NC_064048.1_3847257_3847506_neg_245	0.000322192	-1	2
NC_064041.1_6851966_6852215_neg_246	0.185483	-1	2
NC_064034.1_2057356_2057605_neg_247	-0.304645	-1	4
NC_064034.1_4430377_4430626_neg_248	-0.139717	-1	2
NC_064037.1_545058_545307_neg_249	-1.075	-1	1
NC_064038.1_18922676_18922925_neg_250	-0.841302	-1	4
NC_064046.1_15723879_15724128_neg_251	-0.993317	-1	1
NC_064046.1_6085025_6085274_neg_252	-0.292537	-1	4
NC_064040.1_12708945_12709193_neg_253	0.150642	-1	4
NC_064043.1_1316848_1317097_neg_254	0.110794	-1	2
NC_064036.1_3089931_3090180_neg_255	-0.101777	-1	2
NC_064044.1_877648_877897_neg_256	-1.00674	-1	4
NC_064044.1_1611949_1612198_neg_257	-1.00818	-1	3
NC_064040.1_7415974_7416223_neg_258	-0.0651184	-1	1
NC_064036.1_10278821_10279070_neg_259	-0.0259944	-1	3
NC_064035.1_8310153_8310402_neg_260	-0.1614	-1	2
NC_064041.1_8763871_8764120_neg_261	0.195887	-1	5
NC_064039.1_5236655_5236903_neg_262	-0.188488	-1	1
NC_064038.1_3144809_3145058_neg_263	0.0822909	-1	2
NC_064041.1_15490131_15490380_neg_264	0.126223	-1	5
NC_064034.1_11797028_11797277_neg_265	-0.287538	-1	4
NC_064037.1_10254163_10254411_neg_266	-0.102818	-1	2
NC_064042.1_8281077_8281325_neg_267	0.365684	-1	4
NC_064048.1_2536284_2536533_neg_268	0.458748	-1	2
NC_064034.1_2756310_2756559_neg_269	0.0097562	-1	2
NC_064042.1_5957386_5957634_neg_270	-0.32093	-1	3
NC_064046.1_13613264_13613513_neg_271	0.110786	-1	5
NC_064036.1_470234_470483_neg_272	-0.818287	-1	3
NC_064035.1_15646599_15646848_neg_273	0.291039	-1	4
NC_064035.1_1916103_1916352_neg_274	-0.202732	-1	3
NC_064045.1_5759080_5759328_neg_275	0.0049549	-1	4
NC_064047.1_7757654_7757903_neg_276	-0.465512	-1	4
NC_064046.1_7973484_7973733_neg_277	-0.371454	-1	3
NC_064036.1_9210802_9211050_neg_278	0.0850727	-1	5
NC_064037.1_315023_315271_neg_279	-1.04034	-1	1
NC_064042.1_10314628_10314876_neg_280	-0.0214373	-1	4
NC_064036.1_10130707_10130955_neg_281	0.274668	-1	1
NC_064040.1_14948820_14949068_neg_282	0.094239	-1	2
NC_064040.1_17201401_17201650_neg_283	-0.239056	-1	5
NC_064048.1_1597891_1598140_neg_284	-0.192782	-1	2
NC_064043.1_14443073_14443321_neg_285	-0.10675	-1	4
NC_064039.1_1042783_1043031_neg_286	-0.172202	-1	5
NC_064041.1_16959333_16959582_neg_287	-0.936262	-1	4
NC_064036.1_2106819_2107067_neg_288	0.175472	-1	4
NC_064039.1_7867761_7868009_neg_289	-0.392464	-1	3
NC_064038.1_15301336_15301584_neg_290	0.127337	-1	2
NC_064044.1_4993189_4993437_neg_291	0.0955571	-1	2
NC_064048.1_6190814_6191062_neg_292	-0.149867	-1	5
NC_064038.1_7699022_7699270_neg_293	-0.219416	-1	3
NC_064039.1_14837382_14837631_neg_294	-0.581347	-1	3
NC_064038.1_11869496_11869745_neg_295	0.150513	-1	4
NC_064039.1_3780365_3780614_neg_296	0.114337	-1	2
NC_064035.1_12097246_12097494_neg_297	0.0672318	-1	2
NC_064046.1_2986447_2986696_neg_298	0.187988	-1	1
NC_064041.1_10941083_10941332_neg_299	-0.285575	-1	1
NC_064038.1_185295_185543_neg_300	-0.973748	-1	3
NC_064042.1_12346861_12347110_neg_301	-0.131155	-1	3
NC_064034.1_9134254_9134503_neg_302	0.148108	-1	2
NC_064040.1_15225793_15226041_neg_303	-0.105656	-1	5
NC_064042.1_11885437_11885685_neg_304	-0.169382	-1	1
NC_064045.1_6694092_6694340_neg_305	-0.219757	-1	5
NC_064038.1_12462964_12463213_neg_306	-0.109625	-1	4
NC_064047.1_11109244_11109492_neg_307	-0.0374185	-1	1
NC_064041.1_14270351_14270600_neg_308	-0.320594	-1	5
NC_064046.1_5818957_5819206_neg_309	-0.264383	-1	1
NC_064042.1_15624628_15624877_neg_310	-0.218908	-1	1
NC_064044.1_6659502_6659751_neg_311	-0.322346	-1	2
NC_064042.1_840004_840253_neg_312	-0.257948	-1	1
NC_064043.1_9338466_9338714_neg_313	-0.391325	-1	2
NC_064046.1_6496049_6496298_neg_314	-0.0600309	-1	2
NC_064040.1_12862055_12862304_neg_315	-0.285428	-1	3
NC_064037.1_19230116_19230364_neg_316	-0.386077	-1	3
NC_064035.1_14232631_14232880_neg_317	-0.141199	-1	5
NC_064039.1_4256333_4256582_neg_318	0.181045	-1	5
NC_064046.1_6773645_6773893_neg_319	-0.245686	-1	5
NC_064040.1_11637271_11637519_neg_320	-0.12017	-1	3
NC_064034.1_8454660_8454909_neg_321	-0.0933111	-1	4
NC_064043.1_419668_419917_neg_322	-0.561651	-1	5
NC_064046.1_7551334_7551582_neg_323	0.248749	-1	3
NC_064037.1_9278451_9278699_neg_324	-0.0549676	-1	2
NC_064039.1_16366923_16367171_neg_325	0.0505682	-1	2
NC_064035.1_9803001_9803250_neg_326	-0.638875	-1	4
NC_064042.1_13026366_13026615_neg_327	0.0563253	-1	2
NC_064041.1_12237649_12237897_neg_328	0.203401	-1	3
NC_064037.1_3954641_3954890_neg_329	-0.400024	-1	4
NC_064042.1_10872891_10873140_neg_330	-0.271064	-1	3
NC_064038.1_7860980_7861229_neg_331	0.135892	-1	1
NC_064037.1_19277222_19277470_neg_332	-0.5893	-1	5
NC_064045.1_4125205_4125453_neg_333	-0.200225	-1	2
NC_064046.1_13510865_13511114_neg_334	-0.192537	-1	4
NC_064035.1_11379954_11380203_neg_335	-0.11548	-1	4
NC_064036.1_9100948_9101196_neg_336	0.0686544	-1	3
NC_064035.1_16736130_16736379_neg_337	-0.71415	-1	3
NC_064045.1_8171332_8171581_neg_338	0.0440517	-1	4
NC_064042.1_11942252_11942501_neg_339	0.267483	-1	2
NC_064037.1_11867430_11867679_neg_340	-0.184418	-1	2
NC_064037.1_9793095_9793344_neg_341	0.238235	-1	1
NC_064037.1_17025798_17026047_neg_342	0.0017356	-1	5
NC_064043.1_12828543_12828792_neg_343	-0.184052	-1	2
NC_064042.1_3910626_3910875_neg_344	-0.270029	-1	3
NC_064040.1_15180150_15180398_neg_345	0.127746	-1	4
NC_064047.1_12318832_12319080_neg_346	0.373769	-1	3
NC_064036.1_19499061_19499310_neg_347	0.293389	-1	5
NC_064045.1_7606357_7606605_neg_348	-0.712339	-1	5
NC_064043.1_9326377_9326626_neg_349	-0.802656	-1	1
NC_064042.1_10734669_10734917_neg_350	-0.0909725	-1	1
NC_064046.1_5141796_5142045_neg_351	-0.163134	-1	3
NC_064035.1_16527140_16527389_neg_352	0.0324065	-1	4
NC_064041.1_7232279_7232528_neg_353	-1.10098	-1	5
NC_064034.1_12313176_12313425_neg_354	0.0672083	-1	5
NC_064047.1_8516010_8516259_neg_355	0.222015	-1	1
NC_064047.1_9894476_9894725_neg_356	-0.862523	-1	5
NC_064044.1_6487778_6488026_neg_357	-0.149666	-1	2
NC_064034.1_1736487_1736735_neg_358	-0.0460545	-1	4
NC_064039.1_16044212_16044461_neg_359	-0.190714	-1	2
NC_064041.1_6729267_6729515_neg_360	0.605803	-1	4
NC_064036.1_16987648_16987897_neg_361	-0.698482	-1	4
NC_064043.1_5864640_5864889_neg_362	-0.400652	-1	3
NC_064040.1_3200487_3200736_neg_363	-0.127386	-1	1
NC_064039.1_15597310_15597559_neg_364	0.0377199	-1	5
NC_064042.1_8755214_8755463_neg_365	-0.0121923	-1	4
NC_064041.1_6985395_6985644_neg_366	0.216296	-1	1
NC_064035.1_3064259_3064508_neg_367	0.21555	-1	2
NC_064041.1_1862352_1862600_neg_368	-0.216696	-1	2
NC_064038.1_13727567_13727816_neg_369	-0.102181	-1	2
NC_064046.1_8063420_8063669_neg_370	-0.105155	-1	4
NC_064041.1_11682891_11683140_neg_371	-0.220787	-1	5
NC_064045.1_74812_75061_neg_372	-0.413395	-1	5
NC_064045.1_15729799_15730048_neg_373	-1.09194	-1	2
NC_064043.1_7104843_7105092_neg_374	-0.341983	-1	1
NC_064035.1_7377245_7377494_neg_375	0.117387	-1	4
NC_064044.1_894407_894656_neg_376	0.164347	-1	4
NC_064041.1_7379137_7379386_neg_377	0.259505	-1	2
NC_064039.1_6797091_6797340_neg_378	-0.0609175	-1	1
NC_064040.1_17747171_17747419_neg_379	0.317135	-1	4
NC_064037.1_7235259_7235508_neg_380	-0.253967	-1	1
NC_064034.1_17962609_17962857_neg_381	-0.210027	-1	1
NC_064047.1_10757638_10757886_neg_382	-0.0139661	-1	5
NC_064042.1_8410179_8410428_neg_383	-0.0333373	-1	4
NC_064043.1_15712615_15712863_neg_384	-0.0497989	-1	1
NC_064040.1_15999231_15999480_neg_385	-0.325565	-1	1
NC_064048.1_12584560_12584808_neg_386	-0.235028	-1	4
NC_064046.1_248939_249188_neg_387	-0.848988	-1	2
NC_064038.1_6563747_6563996_neg_388	-0.105438	-1	4
NC_064035.1_2504684_2504932_neg_389	-0.164732	-1	2
NC_064042.1_11177011_11177260_neg_390	-0.278624	-1	3
NC_064035.1_16969026_16969275_neg_391	-0.00439387	-1	1
NC_064035.1_6505205_6505454_neg_392	-0.190876	-1	1
NC_064044.1_876549_876798_neg_393	-0.916279	-1	2
NC_064048.1_4550256_4550505_neg_394	-0.502931	-1	5
NC_064046.1_4295399_4295648_neg_395	-0.0433405	-1	5
NC_064034.1_17639681_17639929_neg_396	-0.379746	-1	3
NC_064040.1_16698182_16698430_neg_397	-0.0451393	-1	5
NC_064034.1_209113_209362_neg_398	-0.717213	-1	2
NC_064036.1_1889189_1889437_neg_399	0.0726223	-1	5
NC_064040.1_9803062_9803311_neg_400	0.0439104	-1	4
NC_064035.1_18155483_18155732_neg_401	-0.41788	-1	3
NC_064037.1_4176479_4176728_neg_402	0.430253	-1	5
NC_064039.1_105621_105870_neg_403	0.0409468	-1	4
NC_064046.1_2317529_2317778_neg_404	-0.300102	-1	3
NC_064038.1_11700244_11700492_neg_405	-0.0208376	-1	4
NC_064035.1_9726538_9726787_neg_406	-0.0110739	-1	1
NC_064047.1_5049316_5049565_neg_407	-0.0530434	-1	1
NC_064037.1_6906653_6906901_neg_408	0.0374006	-1	1
NC_064041.1_16406419_16406668_neg_409	-0.0677945	-1	2
NC_064036.1_1330630_1330879_neg_410	-0.0789681	-1	1
NC_064047.1_10612290_10612538_neg_411	-0.203896	-1	1
NC_064035.1_18424844_18425092_neg_412	-0.276692	-1	4
NC_064046.1_5081745_5081994_neg_413	0.404811	-1	4
NC_064034.1_10771175_10771424_neg_414	-0.158298	-1	2
NC_064039.1_2253913_2254162_neg_415	0.397311	-1	3
NC_064046.1_899175_899424_neg_416	-0.217334	-1	3
NC_064034.1_10537192_10537440_neg_417	-0.330509	-1	4
NC_064042.1_11230501_11230749_neg_418	0.0705711	-1	1
NC_064047.1_7685168_7685417_neg_419	-0.340366	-1	2
NC_064045.1_14326468_14326717_neg_420	-0.120483	-1	5
NC_064046.1_8825878_8826126_neg_421	-0.891014	-1	3
NC_064034.1_4265922_4266171_neg_422	-0.203694	-1	4
NC_064040.1_5962767_5963016_neg_423	-0.0735366	-1	5
NC_064042.1_5728141_5728390_neg_424	-0.100334	-1	4
NC_064037.1_16549554_16549803_neg_425	-0.0393848	-1	4
NC_064047.1_5972567_5972815_neg_426	-0.949352	-1	3
NC_064039.1_5578144_5578393_neg_427	0.0289457	-1	3
NC_064048.1_1157218_1157466_neg_428	-0.045432	-1	4
NC_064048.1_8895289_8895537_neg_429	-0.143842	-1	2
NC_064038.1_4509381_4509629_neg_430	-0.464821	-1	4
NC_064048.1_1679367_1679616_neg_431	-0.14835	-1	3
NC_064043.1_13375478_13375726_neg_432	-0.0486132	-1	3
NC_064045.1_6335532_6335781_neg_433	0.41969	-1	4
NC_064037.1_6646351_6646599_neg_434	-0.377836	-1	5
NC_064042.1_15423117_15423366_neg_435	-0.170814	-1	3
NC_064039.1_8096819_8097068_neg_436	0.133053	-1	2
NC_064040.1_12589705_12589954_neg_437	0.166695	-1	3
NC_064047.1_9358790_9359039_neg_438	0.185179	-1	4
NC_064038.1_2810084_2810332_neg_439	-1.19684	-1	2
NC_064036.1_7631704_7631953_neg_440	-0.0747666	-1	1
NC_064048.1_12271212_12271460_neg_441	-0.0628732	-1	5
NC_064042.1_8007003_8007251_neg_442	-0.436267	-1	4
NC_064039.1_8211160_8211409_neg_443	0.0940382	-1	2
NC_064044.1_3018335_3018584_neg_444	-0.877757	-1	4
NC_064039.1_13058040_13058289_neg_445	-0.450969	-1	3
NC_064046.1_1175930_1176179_neg_446	0.16003	-1	1
NC_064042.1_6004676_6004925_neg_447	0.101091	-1	4
NC_064044.1_699565_699814_neg_448	-0.698482	-1	4
NC_064040.1_2667317_2667566_neg_449	-0.32373	-1	5
NC_064042.1_8324060_8324309_neg_450	0.0826657	-1	2
NC_064037.1_12633571_12633820_neg_451	0.032685	-1	3
NC_064037.1_17066142_17066390_neg_452	-0.257401	-1	2
NC_064047.1_14923139_14923388_neg_453	-0.464521	-1	5
NC_064037.1_3080402_3080651_neg_454	-0.621808	-1	4
NC_064034.1_13084687_13084936_neg_455	-0.0938823	-1	2
NC_064034.1_22151362_22151611_neg_456	-0.120701	-1	1
NC_064042.1_9772980_9773229_neg_457	0.191551	-1	3
NC_064041.1_11933766_11934015_neg_458	-0.562875	-1	4
NC_064045.1_13476991_13477240_neg_459	0.0913321	-1	2
NC_064043.1_9413816_9414065_neg_460	-0.0121466	-1	3
NC_064045.1_8255832_8256080_neg_461	-0.329718	-1	5
NC_064034.1_7057908_7058156_neg_462	-0.0715156	-1	5
NC_064046.1_11377956_11378205_neg_463	-0.385172	-1	5
NC_064034.1_19394323_19394571_neg_464	0.0360056	-1	3
NC_064043.1_12924912_12925161_neg_465	0.406896	-1	1
NC_064041.1_3672479_3672727_neg_466	0.0183683	-1	1
NC_064040.1_11497941_11498189_neg_467	0.0163402	-1	4
NC_064041.1_17063137_17063386_neg_468	-0.928949	-1	2
NC_064041.1_9145890_9146139_neg_469	-0.0601137	-1	4
NC_064044.1_5535742_5535990_neg_470	-0.608127	-1	5
NC_064046.1_547460_547708_neg_471	-0.281	-1	3
NC_064038.1_9207952_9208201_neg_472	-0.310346	-1	3
NC_064036.1_1155080_1155328_neg_473	-0.0286499	-1	1
NC_064041.1_11962240_11962489_neg_474	0.188092	-1	2
NC_064038.1_6701723_6701971_neg_475	-0.469035	-1	5
NC_064046.1_9707712_9707961_neg_476	0.133572	-1	5
NC_064036.1_4850873_4851122_neg_477	-0.206865	-1	5
NC_064047.1_4054977_4055225_neg_478	-0.550182	-1	4
NC_064040.1_16196815_16197064_neg_479	-0.120779	-1	3
NC_064038.1_17672001_17672250_neg_480	0.149024	-1	5
NC_064036.1_10195989_10196238_neg_481	0.138283	-1	4
NC_064035.1_14906589_14906837_neg_482	0.271167	-1	1
NC_064048.1_13555258_13555507_neg_483	-0.265924	-1	1
NC_064042.1_10223561_10223810_neg_484	-0.417152	-1	4
NC_064038.1_4134016_4134264_neg_485	0.135624	-1	4
NC_064034.1_19808081_19808330_neg_486	-0.707176	-1	3
NC_064045.1_11781990_11782239_neg_487	0.322506	-1	3
NC_064036.1_6704439_6704687_neg_488	-0.136685	-1	2
NC_064035.1_7526460_7526709_neg_489	-0.153508	-1	4
NC_064045.1_8751218_8751467_neg_490	0.120597	-1	2
NC_064034.1_17299705_17299954_neg_491	-0.193722	-1	2
NC_064036.1_1411726_1411975_neg_492	-0.215792	-1	2
NC_064046.1_4154356_4154605_neg_493	-0.537878	-1	3
NC_064038.1_12653216_12653465_neg_494	-0.114969	-1	4
NC_064039.1_14633799_14634048_neg_495	-0.204888	-1	4
NC_064041.1_4272114_4272363_neg_496	-0.159517	-1	4
NC_064038.1_7740788_7741037_neg_497	-0.336981	-1	4
NC_064043.1_14923349_14923597_neg_498	-0.280883	-1	5
NC_064047.1_260656_260905_neg_499	-0.597842	-1	3
NC_064037.1_18377402_18377650_neg_500	-0.171547	-1	1
NC_064047.1_14048417_14048665_neg_501	-0.320477	-1	1
NC_064040.1_1932861_1933109_neg_502	-0.0715329	-1	3
NC_064041.1_7504865_7505113_neg_503	-0.251624	-1	5
NC_064045.1_13097984_13098233_neg_504	0.179908	-1	1
NC_064035.1_197502_197750_neg_505	-0.908644	-1	1
NC_064038.1_12281164_12281413_neg_506	0.0445988	-1	4
NC_064034.1_20288252_20288501_neg_507	-0.125374	-1	4
NC_064040.1_8745257_8745506_neg_508	0.312824	-1	2
NC_064046.1_11100462_11100711_neg_509	-0.0523029	-1	2
NC_064046.1_1680219_1680468_neg_510	-0.20179	-1	3
NC_064048.1_8585190_8585439_neg_511	0.320786	-1	2
NC_064034.1_12289931_12290180_neg_512	-0.100667	-1	1
NC_064043.1_4596255_4596504_neg_513	-0.199676	-1	4
NC_064036.1_18598712_18598961_neg_514	0.0405554	-1	3
NC_064037.1_13727277_13727526_neg_515	-0.429818	-1	5
NC_064040.1_2444041_2444289_neg_516	-0.665452	-1	1
NC_064039.1_541045_541294_neg_517	-0.257871	-1	2
NC_064038.1_18920847_18921096_neg_518	-0.922692	-1	1
NC_064038.1_8413322_8413571_neg_519	0.295254	-1	3
NC_064038.1_6694399_6694648_neg_520	-0.46916	-1	3
NC_064041.1_1472429_1472678_neg_521	-0.104104	-1	3
NC_064034.1_1079902_1080151_neg_522	-0.0872657	-1	1
NC_064037.1_18514893_18515141_neg_523	0.110171	-1	5
NC_064035.1_21192933_21193182_neg_524	0.0594509	-1	3
NC_064041.1_6854377_6854626_neg_525	-0.000298628	-1	4
NC_064040.1_10713061_10713310_neg_526	0.0689027	-1	5
NC_064035.1_12061839_12062088_neg_527	-0.0955946	-1	2
NC_064035.1_7627277_7627526_neg_528	-0.0827707	-1	4
NC_064034.1_9386366_9386615_neg_529	-0.179744	-1	3
NC_064039.1_16809979_16810228_neg_530	-0.255654	-1	1
NC_064042.1_10740848_10741097_neg_531	-0.990715	-1	3
NC_064048.1_768554_768803_neg_532	-0.199834	-1	5
NC_064039.1_8751048_8751297_neg_533	0.087902	-1	3
NC_064034.1_18409356_18409605_neg_534	-0.0985456	-1	4
NC_064038.1_17518899_17519148_neg_535	-0.21625	-1	3
NC_064037.1_13763079_13763328_neg_536	0.406028	-1	1
NC_064036.1_15875711_15875960_neg_537	-0.288475	-1	5
NC_064038.1_17336926_17337175_neg_538	-0.433985	-1	4
NC_064034.1_18942691_18942940_neg_539	-0.327733	-1	5
NC_064039.1_15987799_15988048_neg_540	0.116489	-1	5
NC_064038.1_5789917_5790166_neg_541	-0.177692	-1	1
NC_064034.1_10435066_10435315_neg_542	-0.0743581	-1	2
NC_064047.1_7598171_7598420_neg_543	-0.0369643	-1	4
NC_064036.1_13311111_13311360_neg_544	0.0282037	-1	4
NC_064038.1_123313_123561_neg_545	-0.26662	-1	1
NC_064045.1_4442687_4442936_neg_546	0.138617	-1	4
NC_064045.1_5819076_5819324_neg_547	-0.241325	-1	4
NC_064048.1_1568544_1568793_neg_548	-0.523059	-1	3
NC_064034.1_20132840_20133089_neg_549	-0.365789	-1	3
NC_064038.1_1634382_1634631_neg_550	-0.177096	-1	3
NC_064040.1_16279823_16280072_neg_551	0.084324	-1	3
NC_064042.1_1647583_1647831_neg_552	-1.09389	-1	4
NC_064043.1_8823684_8823933_neg_553	-0.0213362	-1	2
NC_064038.1_10694373_10694621_neg_554	-0.276922	-1	3
NC_064044.1_10311182_10311431_neg_555	-0.109531	-1	2
NC_064047.1_1518253_1518502_neg_556	-1.18285	-1	3
NC_064047.1_746440_746689_neg_557	0.332595	-1	1
NC_064043.1_10269188_10269436_neg_558	0.023928	-1	5
NC_064047.1_6187022_6187271_neg_559	-0.302097	-1	2
NC_064037.1_16310744_16310993_neg_560	0.026375	-1	5
NC_064041.1_85442_85691_neg_561	-0.215617	-1	1
NC_064035.1_6593535_6593784_neg_562	0.0388468	-1	3
NC_064043.1_2654788_2655037_neg_563	-0.388231	-1	5
NC_064041.1_17092812_17093061_neg_564	-0.887048	-1	4
NC_064048.1_863076_863325_neg_565	0.0385223	-1	3
NC_064037.1_2196044_2196293_neg_566	0.0932798	-1	3
NC_064037.1_10703264_10703513_neg_567	-0.161804	-1	1
NC_064039.1_11950668_11950917_neg_568	-0.108222	-1	2
NC_064034.1_1552206_1552454_neg_569	0.0899493	-1	5
NC_064043.1_766089_766338_neg_570	-0.932992	-1	2
NC_064037.1_11556823_11557072_neg_571	-0.272932	-1	4
NC_064035.1_3292984_3293233_neg_572	-0.324349	-1	3
NC_064041.1_15413479_15413728_neg_573	-0.0479838	-1	1
NC_064035.1_16102948_16103197_neg_574	-0.222743	-1	1
NC_064034.1_15920751_15921000_neg_575	-0.302036	-1	4
NC_064045.1_5456980_5457228_neg_576	0.0469314	-1	4
NC_064043.1_11031110_11031359_neg_577	0.148438	-1	4
NC_064039.1_9190844_9191093_neg_578	-0.06079	-1	3
NC_064043.1_13670253_13670502_neg_579	-0.14303	-1	5
NC_064036.1_16763794_16764043_neg_580	0.0694077	-1	5
NC_064045.1_15039849_15040098_neg_581	0.229592	-1	4
NC_064048.1_5070364_5070613_neg_582	0.225836	-1	5
NC_064037.1_13478858_13479107_neg_583	-0.141619	-1	2
NC_064038.1_7093539_7093788_neg_584	-0.210735	-1	3
NC_064047.1_318850_319098_neg_585	-0.671154	-1	4
NC_064038.1_13743642_13743891_neg_586	-1.04956	-1	5
NC_064046.1_9956414_9956663_neg_587	0.0492054	-1	4
NC_064042.1_6223160_6223409_neg_588	-1.11549e-05	-1	3
NC_064036.1_14312553_14312801_neg_589	-0.0940112	-1	1
NC_064034.1_18103461_18103710_neg_590	-0.174386	-1	2
NC_064048.1_4131494_4131742_neg_591	-0.115146	-1	1
NC_064045.1_3744556_3744804_neg_592	0.324584	-1	1
NC_064039.1_1598715_1598963_neg_593	-0.002273	-1	1
NC_064035.1_20292842_20293091_neg_594	-0.0691445	-1	2
NC_064035.1_12527682_12527931_neg_595	-0.189685	-1	4
NC_064042.1_12153442_12153691_neg_596	-0.23666	-1	4
NC_064043.1_1218593_1218842_neg_597	-0.978016	-1	4
NC_064046.1_4579607_4579856_neg_598	-0.0926223	-1	2
NC_064038.1_14752816_14753064_neg_599	-0.618407	-1	5
NC_064038.1_9850280_9850529_neg_600	-0.0329491	-1	1
NC_064034.1_17140544_17140792_neg_601	-0.101221	-1	5
NC_064040.1_4689482_4689730_neg_602	0.085847	-1	2
NC_064035.1_13311349_13311597_neg_603	-0.190834	-1	2
NC_064034.1_320569_320818_neg_604	-1.12874	-1	5
NC_064036.1_11803920_11804168_neg_605	-0.369681	-1	1
NC_064036.1_19529156_19529405_neg_606	-0.0186827	-1	5
NC_064038.1_18627305_18627554_neg_607	-0.729322	-1	2
NC_064035.1_7409280_7409528_neg_608	0.075374	-1	1
NC_064045.1_14504022_14504271_neg_609	-0.235976	-1	5
NC_064042.1_8617814_8618063_neg_610	-0.640817	-1	5
NC_064044.1_9233588_9233836_neg_611	-0.0731938	-1	1
NC_064046.1_14297527_14297776_neg_612	-0.443862	-1	2
NC_064041.1_7430547_7430795_neg_613	-0.37291	-1	2
NC_064042.1_3628478_3628726_neg_614	0.164035	-1	2
NC_064035.1_276748_276996_neg_615	-0.863609	-1	5
NC_064034.1_11907823_11908071_neg_616	-0.222507	-1	2
NC_064042.1_6508266_6508515_neg_617	-0.117954	-1	5
NC_064039.1_14468938_14469187_neg_618	-0.253992	-1	3
NC_064036.1_8985958_8986207_neg_619	-0.146642	-1	4
NC_064036.1_8917513_8917761_neg_620	-0.112175	-1	1
NC_064043.1_4350278_4350527_neg_621	0.011416	-1	1
NC_064043.1_14515880_14516129_neg_622	-0.0936815	-1	4
NC_064037.1_1510701_1510950_neg_623	0.155224	-1	3
NC_064041.1_366282_366531_neg_624	-0.136666	-1	1
NC_064036.1_1205191_1205440_neg_625	-0.0801936	-1	3
NC_064037.1_4077946_4078194_neg_626	-0.341157	-1	1
NC_064037.1_14100759_14101008_neg_627	-0.0932372	-1	5
NC_064045.1_934880_935129_neg_628	-0.184184	-1	5
NC_064034.1_21155359_21155608_neg_629	0.112795	-1	4
NC_064046.1_14221527_14221776_neg_630	-0.724872	-1	4
NC_064039.1_1478272_1478521_neg_631	-0.127271	-1	5
NC_064038.1_18200882_18201131_neg_632	0.0531663	-1	5
NC_064042.1_14909514_14909763_neg_633	-0.354162	-1	2
NC_064039.1_5356816_5357065_neg_634	-0.661003	-1	1
NC_064045.1_3169788_3170036_neg_635	0.0748728	-1	1
NC_064038.1_1162401_1162650_neg_636	-0.00976585	-1	4
NC_064036.1_11560083_11560332_neg_637	-0.0327463	-1	2
NC_064041.1_5821859_5822108_neg_638	-0.0465308	-1	3
NC_064040.1_2766792_2767041_neg_639	0.0502757	-1	3
NC_064040.1_14202755_14203003_neg_640	-0.213988	-1	5
NC_064038.1_9793094_9793343_neg_641	0.235223	-1	1
NC_064038.1_17197624_17197872_neg_642	0.0520888	-1	1
NC_064042.1_10522442_10522691_neg_643	-0.0104563	-1	1
NC_064034.1_1850310_1850559_neg_644	-0.119181	-1	3
NC_064048.1_9232838_9233087_neg_645	-0.0588467	-1	5
NC_064034.1_4234128_4234377_neg_646	-0.195194	-1	3
NC_064034.1_19695468_19695717_neg_647	0.183961	-1	4
NC_064045.1_12678711_12678960_neg_648	-0.0933041	-1	1
NC_064040.1_12132505_12132754_neg_649	-0.156134	-1	1
NC_064034.1_14341594_14341843_neg_650	-0.00780334	-1	4
NC_064046.1_4153874_4154122_neg_651	-0.208395	-1	3
NC_064036.1_859712_859960_neg_652	-0.0925224	-1	2
NC_064044.1_15991014_15991263_neg_653	0.146631	-1	5
NC_064048.1_10624619_10624868_neg_654	-0.156106	-1	2
NC_064047.1_14232667_14232915_neg_655	-0.426958	-1	3
NC_064036.1_8209971_8210220_neg_656	-0.289042	-1	5
NC_064043.1_6368978_6369227_neg_657	0.13737	-1	3
NC_064048.1_5255236_5255485_neg_658	-0.0637757	-1	2
NC_064040.1_8750653_8750902_neg_659	-0.392615	-1	1
NC_064047.1_13311677_13311926_neg_660	-0.20527	-1	3
NC_064034.1_340583_340831_neg_661	-0.933844	-1	2
NC_064044.1_8053805_8054054_neg_662	-0.0569944	-1	3
NC_064035.1_13031807_13032056_neg_663	-0.183966	-1	4
NC_064037.1_12589436_12589685_neg_664	-0.27347	-1	4
NC_064035.1_17109069_17109317_neg_665	-0.211936	-1	5
NC_064037.1_8695029_8695278_neg_666	0.0921359	-1	1
NC_064037.1_18912625_18912874_neg_667	0.0535154	-1	5
NC_064041.1_8184824_8185072_neg_668	-0.156911	-1	3
NC_064038.1_1499516_1499765_neg_669	-0.138272	-1	1
NC_064034.1_14261700_14261949_neg_670	-0.036728	-1	4
NC_064039.1_5179375_5179623_neg_671	0.0096519	-1	3
NC_064046.1_8538565_8538813_neg_672	0.55653	-1	2
NC_064043.1_158151_158400_neg_673	-0.648997	-1	5
NC_064039.1_17981469_17981717_neg_674	-0.731305	-1	4
NC_064036.1_5930697_5930945_neg_675	-0.073708	-1	2
NC_064034.1_6698164_6698413_neg_676	-0.164636	-1	1
NC_064034.1_20508053_20508302_neg_677	-0.364712	-1	5
NC_064039.1_15890352_15890601_neg_678	-0.149628	-1	1
NC_064042.1_10510666_10510914_neg_679	-0.410089	-1	1
NC_064044.1_8832121_8832370_neg_680	0.0995161	-1	2
NC_064036.1_13964904_13965153_neg_681	-0.272155	-1	3
NC_064034.1_1148621_1148869_neg_682	-0.61969	-1	2
NC_064036.1_8179949_8180198_neg_683	-0.0857582	-1	3
NC_064041.1_5397832_5398080_neg_684	0.309998	-1	2
NC_064047.1_6003335_6003584_neg_685	-0.251067	-1	5
NC_064041.1_1122763_1123012_neg_686	0.425379	-1	2
NC_064046.1_7862576_7862825_neg_687	-0.0100947	-1	3
NC_064037.1_15210765_15211014_neg_688	-0.21777	-1	5
NC_064043.1_3751672_3751921_neg_689	-0.43966	-1	4
NC_064035.1_5610053_5610302_neg_690	-0.19752	-1	4
NC_064045.1_7238264_7238513_neg_691	-0.0759597	-1	1
NC_064035.1_12742773_12743021_neg_692	-0.172888	-1	3
NC_064043.1_13087203_13087451_neg_693	-0.113731	-1	1
NC_064041.1_4892625_4892873_neg_694	-0.173367	-1	5
NC_064044.1_10193380_10193629_neg_695	-0.0292675	-1	1
NC_064040.1_1956825_1957074_neg_696	-0.0649337	-1	3
NC_064045.1_8262719_8262967_neg_697	-0.057397	-1	1
NC_064047.1_12158613_12158862_neg_698	-0.153702	-1	4
NC_064046.1_7888102_7888351_neg_699	-0.345291	-1	5
NC_064036.1_17151022_17151271_neg_700	-0.173696	-1	4
