NC_064035.1_20445716_20445965_pos_1	0.157466	1	1
NC_064034.1_10158910_10159159_pos_2	0.222074	1	1
NC_064035.1_14351681_14351930_pos_3	0.237787	1	3
NC_064035.1_11278329_11278578_pos_4	0.339737	1	3
NC_064035.1_8770013_8770262_pos_5	0.396948	1	2
NC_064035.1_8772963_8773212_pos_6	-0.20071	1	3
NC_064034.1_12762418_12762667_pos_7	0.252853	1	5
NC_064034.1_21670780_21671029_pos_8	0.120055	1	4
NC_064034.1_5428861_5429110_pos_9	0.826317	1	4
NC_064035.1_14750730_14750979_pos_10	0.234327	1	2
NC_064035.1_10347419_10347668_pos_11	0.352746	1	2
NC_064034.1_7629171_7629420_pos_12	0.172229	1	1
NC_064035.1_18795367_18795616_pos_13	0.0889557	1	5
NC_064034.1_8669605_8669854_pos_14	0.134608	1	4
NC_064034.1_2697363_2697612_pos_15	0.411969	1	2
NC_064034.1_18482792_18483041_pos_16	0.0799071	1	4
NC_064035.1_7512174_7512423_pos_17	-0.0897511	1	1
NC_064035.1_10069752_10070001_pos_18	0.0892545	1	5
NC_064034.1_15952418_15952667_pos_19	0.0588596	1	1
NC_064034.1_16718409_16718658_pos_20	0.330826	1	2
NC_064034.1_21675292_21675541_pos_21	0.103838	1	2
NC_064034.1_4294323_4294572_pos_22	0.0543837	1	1
NC_064034.1_4293132_4293381_pos_23	0.025239	1	1
NC_064035.1_20492184_20492433_pos_24	0.0790763	1	3
NC_064034.1_6717718_6717967_pos_25	0.310798	1	4
NC_064034.1_21671857_21672106_pos_26	0.199259	1	4
NC_064035.1_4253728_4253977_pos_27	0.479462	1	5
NC_064035.1_5983097_5983346_pos_28	0.160547	1	1
NC_064035.1_16323791_16324040_pos_29	0.254363	1	3
NC_064035.1_6441112_6441361_pos_30	0.458135	1	4
NC_064034.1_11758469_11758718_pos_31	0.404679	1	3
NC_064035.1_1393537_1393786_pos_32	0.161357	1	3
NC_064034.1_2696125_2696374_pos_33	0.287796	1	5
NC_064035.1_9088354_9088603_pos_34	0.369576	1	3
NC_064034.1_11183699_11183948_pos_35	0.317217	1	4
NC_064035.1_7466742_7466991_pos_36	0.251466	1	4
NC_064035.1_998173_998422_pos_37	0.235342	1	1
NC_064034.1_11771100_11771349_pos_38	-0.126195	1	2
NC_064034.1_7627854_7628103_pos_39	0.00735436	1	1
NC_064034.1_7926595_7926844_pos_40	0.47368	1	4
NC_064034.1_10264630_10264879_pos_41	0.496223	1	1
NC_064034.1_19738674_19738923_pos_42	0.123541	1	2
NC_064034.1_5430674_5430923_pos_43	0.200453	1	5
NC_064035.1_6691916_6692165_pos_44	0.216083	1	3
NC_064034.1_17626364_17626613_pos_45	0.613785	1	4
NC_064035.1_5892485_5892734_pos_46	0.361901	1	4
NC_064035.1_20461335_20461584_pos_47	0.660088	1	1
NC_064034.1_16670444_16670693_pos_48	-0.0927542	1	4
NC_064035.1_10539831_10540080_pos_49	0.319965	1	4
NC_064035.1_11279083_11279332_pos_50	0.0277501	1	2
NC_064035.1_9910661_9910910_pos_51	0.169036	1	3
NC_064035.1_2968929_2969178_pos_52	-0.25335	1	5
NC_064034.1_19375381_19375630_pos_53	0.0418297	1	2
NC_064034.1_9447605_9447854_pos_54	0.241505	1	3
NC_064034.1_21660310_21660559_pos_55	0.0247954	1	3
NC_064034.1_9290732_9290981_pos_56	0.370418	1	1
NC_064034.1_11681973_11682222_pos_57	0.356071	1	3
NC_064034.1_2225288_2225537_pos_58	0.242454	1	5
NC_064034.1_18481556_18481805_pos_59	-0.189208	1	4
NC_064035.1_1521151_1521400_pos_60	-0.104695	1	1
NC_064035.1_20444061_20444310_pos_61	-0.221258	1	3
NC_064034.1_10073144_10073393_pos_62	0.0513304	1	5
NC_064034.1_3127710_3127959_pos_63	0.136175	1	4
NC_064034.1_2131181_2131430_pos_64	0.0259614	1	1
NC_064034.1_21449762_21450011_pos_65	-0.197742	1	2
NC_064034.1_13180143_13180392_pos_66	0.163485	1	5
NC_064034.1_21675907_21676156_pos_67	0.121348	1	1
NC_064035.1_9911847_9912096_pos_68	0.132595	1	2
NC_064034.1_2548377_2548626_pos_69	0.171714	1	1
NC_064034.1_5135489_5135738_pos_70	0.22462	1	5
NC_064034.1_5270805_5271054_pos_71	-0.0198674	1	4
NC_064034.1_7625813_7626062_pos_72	0.0922135	1	1
NC_064034.1_10118088_10118337_pos_73	0.551569	1	4
NC_064034.1_11772581_11772829_pos_74	-0.395625	1	2
NC_064034.1_12763018_12763267_pos_75	0.0598502	1	2
NC_064035.1_1019906_1020155_pos_76	-0.902404	1	3
NC_064034.1_19738352_19738601_pos_77	-0.0104097	1	5
NC_064034.1_5426867_5427116_pos_78	0.145248	1	2
NC_064035.1_4407791_4408040_pos_79	0.306657	1	5
NC_064034.1_3125747_3125996_pos_80	0.271701	1	1
NC_064035.1_12191405_12191654_pos_81	0.0315751	1	2
NC_064035.1_8869386_8869635_pos_82	0.309017	1	2
NC_064035.1_9907482_9907731_pos_83	-0.136686	1	4
NC_064034.1_9259331_9259580_pos_84	0.269083	1	2
NC_064034.1_9234409_9234658_pos_85	0.611928	1	1
NC_064035.1_20163062_20163311_pos_86	0.258417	1	4
NC_064034.1_5429176_5429425_pos_87	0.380798	1	1
NC_064035.1_5850349_5850598_pos_88	0.410566	1	1
NC_064035.1_10770229_10770478_pos_89	0.353734	1	2
NC_064034.1_4509137_4509386_pos_90	0.150688	1	2
NC_064034.1_7540060_7540309_pos_91	0.257865	1	2
NC_064034.1_10641125_10641374_pos_92	0.297061	1	2
NC_064034.1_11772420_11772669_pos_93	-0.197677	1	1
NC_064034.1_18350998_18351247_pos_94	0.47655	1	1
NC_064034.1_18483563_18483812_pos_95	0.364463	1	2
NC_064034.1_21306227_21306476_pos_96	-0.0252059	1	2
NC_064035.1_2784393_2784642_pos_97	0.0984584	1	3
NC_064035.1_3371638_3371887_pos_98	-0.223653	1	5
NC_064035.1_11883166_11883415_pos_99	0.201671	1	3
NC_064035.1_12096040_12096289_pos_100	0.070094	1	4
NC_064035.1_14749480_14749729_pos_101	-0.0929191	1	2
NC_064035.1_20452209_20452458_pos_102	0.78062	1	4
NC_064036.1_963128_963377_pos_103	0.0787199	1	3
NC_064035.1_1020443_1020692_pos_104	0.304854	1	1
NC_064034.1_20783113_20783362_pos_105	0.16191	1	2
NC_064034.1_7062731_7062980_pos_106	0.244306	1	3
NC_064034.1_5129861_5130110_pos_107	-0.14753	1	4
NC_064035.1_4121970_4122219_pos_108	6.997e-05	1	5
NC_064034.1_7633436_7633685_pos_109	0.110288	1	5
NC_064036.1_666301_666550_pos_110	0.327891	1	2
NC_064035.1_14353867_14354116_pos_111	0.238407	1	1
NC_064034.1_6329831_6330080_pos_112	0.164985	1	5
NC_064035.1_6413306_6413555_pos_113	0.230077	1	1
NC_064035.1_1045396_1045645_pos_114	0.437543	1	1
NC_064034.1_19277161_19277410_pos_115	-0.298422	1	5
NC_064035.1_3370334_3370583_pos_116	-0.266652	1	1
NC_064034.1_9445086_9445335_pos_117	0.0882635	1	3
NC_064034.1_2939900_2940149_pos_118	0.000272975	1	2
NC_064034.1_11012100_11012349_pos_119	0.123595	1	5
NC_064034.1_19371902_19372151_pos_120	-0.116572	1	1
NC_064034.1_21672857_21673106_pos_121	-0.0940265	1	2
NC_064035.1_5660561_5660810_pos_122	0.242556	1	5
NC_064035.1_8844731_8844980_pos_123	0.346281	1	4
NC_064035.1_13934501_13934750_pos_124	0.117205	1	2
NC_064035.1_19416676_19416925_pos_125	0.125502	1	1
NC_064035.1_20460850_20461099_pos_126	0.179881	1	4
NC_064035.1_20492963_20493212_pos_127	-0.134353	1	4
NC_064035.1_4538111_4538360_pos_128	0.290211	1	5
NC_064036.1_1375685_1375934_pos_129	0.111084	1	5
NC_064034.1_2219991_2220240_pos_130	0.290006	1	2
NC_064035.1_8524988_8525237_pos_131	-0.13941	1	3
NC_064034.1_21952435_21952684_pos_132	0.0248034	1	4
NC_064034.1_13069926_13070175_pos_133	0.0163146	1	4
NC_064034.1_21045648_21045897_pos_134	0.198715	1	1
NC_064034.1_16583445_16583694_pos_135	0.15529	1	1
NC_064035.1_20485930_20486179_pos_136	0.0791304	1	2
NC_064034.1_21659406_21659655_pos_137	0.271823	1	5
NC_064035.1_20492355_20492603_pos_138	0.0820807	1	2
NC_064034.1_5010284_5010533_pos_139	0.154229	1	5
NC_064034.1_21658875_21659124_pos_140	0.265667	1	5
NC_064035.1_20444717_20444966_pos_141	0.282427	1	2
NC_064035.1_20526647_20526896_pos_142	0.492482	1	3
NC_064034.1_7557320_7557569_pos_143	0.133123	1	2
NC_064034.1_7922112_7922361_pos_144	0.0525199	1	1
NC_064034.1_9690720_9690969_pos_145	0.429042	1	2
NC_064034.1_19732489_19732738_pos_146	0.307715	1	1
NC_064034.1_1068098_1068347_pos_147	0.167841	1	1
NC_064034.1_4549742_4549991_pos_148	-0.146565	1	4
NC_064034.1_8669272_8669521_pos_149	0.0685543	1	5
NC_064034.1_9289850_9290099_pos_150	-0.133615	1	5
NC_064034.1_9444779_9445028_pos_151	0.301932	1	1
NC_064034.1_10138386_10138635_pos_152	-0.00509236	1	5
NC_064034.1_11533354_11533603_pos_153	0.248968	1	3
NC_064034.1_13067457_13067706_pos_154	0.183474	1	4
NC_064034.1_13070353_13070602_pos_155	-0.291065	1	5
NC_064034.1_13169041_13169290_pos_156	0.157536	1	2
NC_064034.1_13170462_13170711_pos_157	0.277704	1	5
NC_064034.1_20070287_20070536_pos_158	0.429013	1	3
NC_064034.1_21658441_21658690_pos_159	0.046071	1	1
NC_064035.1_5583025_5583274_pos_160	0.183883	1	2
NC_064035.1_5584928_5585177_pos_161	0.0138567	1	2
NC_064035.1_5960264_5960513_pos_162	0.188721	1	3
NC_064035.1_5963480_5963729_pos_163	0.133289	1	5
NC_064035.1_8597704_8597953_pos_164	0.0790446	1	2
NC_064035.1_8815494_8815743_pos_165	0.113008	1	2
NC_064035.1_11364297_11364546_pos_166	0.0903712	1	1
NC_064035.1_11509057_11509306_pos_167	0.0899352	1	3
NC_064035.1_12095127_12095376_pos_168	0.545371	1	1
NC_064035.1_15709082_15709331_pos_169	0.19481	1	2
NC_064035.1_20451729_20451978_pos_170	0.683846	1	5
NC_064034.1_13056881_13057130_pos_171	0.261279	1	5
NC_064035.1_6487237_6487486_pos_172	0.090795	1	3
NC_064035.1_11460688_11460937_pos_173	-0.00771199	1	2
NC_064034.1_6618374_6618623_pos_174	0.281297	1	4
NC_064035.1_4474133_4474382_pos_175	0.530103	1	3
NC_064035.1_19254129_19254378_pos_176	0.151553	1	4
NC_064035.1_21575913_21576162_pos_177	0.302896	1	4
NC_064034.1_4550679_4550928_pos_178	0.0202905	1	4
NC_064035.1_7715851_7716100_pos_179	0.0466543	1	1
NC_064035.1_16322670_16322919_pos_180	0.169719	1	5
NC_064034.1_6844804_6845053_pos_181	-0.308801	1	5
NC_064034.1_17945125_17945374_pos_182	-0.022413	1	2
NC_064034.1_12426941_12427190_pos_183	0.336163	1	2
NC_064034.1_10159601_10159850_pos_184	0.17769	1	1
NC_064035.1_11879033_11879282_pos_185	-0.268195	1	4
NC_064035.1_19218352_19218601_pos_186	0.188551	1	1
NC_064034.1_2479703_2479952_pos_187	0.305648	1	5
NC_064035.1_7904260_7904509_pos_188	0.042435	1	2
NC_064034.1_1041059_1041308_pos_189	-0.18191	1	5
NC_064034.1_2152576_2152825_pos_190	-0.0198269	1	5
NC_064034.1_7556203_7556452_pos_191	0.0340516	1	1
NC_064034.1_7890125_7890374_pos_192	0.0840417	1	1
NC_064034.1_8290881_8291130_pos_193	-0.244939	1	3
NC_064034.1_9315893_9316142_pos_194	0.297039	1	4
NC_064034.1_9797925_9798174_pos_195	0.157512	1	4
NC_064034.1_10133703_10133952_pos_196	0.265713	1	5
NC_064034.1_10160649_10160898_pos_197	0.248886	1	1
NC_064034.1_10482283_10482532_pos_198	0.0714759	1	3
NC_064034.1_13693908_13694157_pos_199	0.213243	1	5
NC_064034.1_18152539_18152788_pos_200	0.368157	1	4
NC_064035.1_3813638_3813887_pos_201	0.21959	1	3
NC_064035.1_5583668_5583917_pos_202	0.13322	1	1
NC_064035.1_12431735_12431984_pos_203	0.15771	1	5
NC_064035.1_16328601_16328850_pos_204	0.22333	1	4
NC_064035.1_19078702_19078951_pos_205	-0.0283778	1	2
NC_064035.1_19415187_19415436_pos_206	-0.0206481	1	5
NC_064035.1_20483203_20483452_pos_207	1.08987	1	1
NC_064035.1_21528922_21529171_pos_208	0.27382	1	4
NC_064034.1_4660253_4660502_pos_209	0.434484	1	3
NC_064034.1_12752478_12752727_pos_210	0.184859	1	5
NC_064034.1_7927946_7928195_pos_211	0.310419	1	2
NC_064035.1_11021587_11021836_pos_212	0.317336	1	5
NC_064034.1_16927125_16927374_pos_213	0.452639	1	2
NC_064035.1_14505824_14506073_pos_214	0.225667	1	4
NC_064034.1_7346479_7346728_pos_215	0.87418	1	4
NC_064035.1_5382526_5382775_pos_216	0.529497	1	5
NC_064034.1_17936975_17937224_pos_217	0.00844361	1	5
NC_064035.1_14356750_14356999_pos_218	0.454999	1	4
NC_064034.1_13084760_13085009_pos_219	0.181826	1	2
NC_064034.1_6718938_6719187_pos_220	0.258246	1	5
NC_064034.1_12247615_12247864_pos_221	0.106275	1	3
NC_064034.1_16863295_16863544_pos_222	0.210081	1	5
NC_064035.1_4443003_4443252_pos_223	0.126124	1	4
NC_064035.1_16325880_16326129_pos_224	-0.15063	1	1
NC_064035.1_6616467_6616716_pos_225	0.292224	1	4
NC_064035.1_3370644_3370893_pos_226	-0.216843	1	2
NC_064035.1_1442393_1442642_pos_227	0.123329	1	3
NC_064035.1_11508340_11508589_pos_228	0.0815066	1	5
NC_064034.1_6828547_6828796_pos_229	-0.0945379	1	1
NC_064034.1_21808058_21808307_pos_230	0.101367	1	3
NC_064034.1_6546274_6546523_pos_231	-0.370417	1	5
NC_064035.1_11509455_11509704_pos_232	0.0693276	1	2
NC_064034.1_21699526_21699775_pos_233	0.0609957	1	1
NC_064034.1_9839376_9839625_pos_234	0.443248	1	5
NC_064034.1_19179972_19180221_pos_235	0.374294	1	2
NC_064035.1_8592616_8592865_pos_236	0.282134	1	1
NC_064034.1_2544979_2545228_pos_237	0.102384	1	4
NC_064034.1_5035945_5036194_pos_238	0.238734	1	5
NC_064034.1_9270811_9271060_pos_239	-0.0131776	1	2
NC_064034.1_12394903_12395152_pos_240	0.0141013	1	1
NC_064034.1_18159063_18159311_pos_241	0.187545	1	2
NC_064034.1_19513511_19513760_pos_242	0.295562	1	3
NC_064034.1_19670097_19670346_pos_243	0.662604	1	4
NC_064034.1_21206538_21206787_pos_244	0.226726	1	5
NC_064034.1_21305490_21305739_pos_245	-0.0141333	1	2
NC_064035.1_11282514_11282763_pos_246	0.0711766	1	5
NC_064035.1_11879438_11879687_pos_247	0.0639849	1	4
NC_064035.1_12651176_12651425_pos_248	0.0133665	1	4
NC_064035.1_13372635_13372884_pos_249	0.245307	1	4
NC_064035.1_14442253_14442502_pos_250	0.178164	1	3
NC_064035.1_14467144_14467393_pos_251	-0.364341	1	5
NC_064035.1_20482874_20483123_pos_252	-0.251868	1	1
NC_064035.1_20490356_20490605_pos_253	0.0914612	1	3
NC_064036.1_984696_984945_pos_254	-0.0268846	1	1
NC_064035.1_11878439_11878688_pos_255	0.291257	1	2
NC_064036.1_849440_849689_pos_256	0.251362	1	2
NC_064034.1_3165801_3166050_pos_257	0.171284	1	3
NC_064034.1_4203664_4203913_pos_258	0.0190387	1	1
NC_064034.1_7409452_7409701_pos_259	0.141871	1	1
NC_064034.1_21207254_21207503_pos_260	0.112973	1	2
NC_064035.1_20451395_20451644_pos_261	0.27899	1	2
NC_064034.1_7909572_7909821_pos_262	0.178539	1	5
NC_064034.1_801394_801643_pos_263	0.518246	1	2
NC_064034.1_10088818_10089067_pos_264	0.0889753	1	4
NC_064034.1_13069091_13069340_pos_265	-0.0617359	1	4
NC_064034.1_5015443_5015692_pos_266	-0.122187	1	2
NC_064034.1_2563450_2563699_pos_267	0.192539	1	5
NC_064035.1_4749056_4749305_pos_268	0.0750189	1	2
NC_064035.1_3687611_3687860_pos_269	0.526455	1	2
NC_064035.1_12191241_12191489_pos_270	0.258599	1	1
NC_064034.1_1614658_1614907_pos_271	0.319603	1	1
NC_064034.1_16669610_16669859_pos_272	0.402684	1	4
NC_064035.1_8771511_8771760_pos_273	-0.109105	1	5
NC_064034.1_8312764_8313013_pos_274	-0.113319	1	1
NC_064035.1_20484393_20484642_pos_275	0.779208	1	4
NC_064034.1_13071477_13071726_pos_276	0.214579	1	2
NC_064035.1_1207982_1208231_pos_277	0.454028	1	1
NC_064034.1_7732277_7732526_pos_278	0.239471	1	3
NC_064035.1_20891328_20891577_pos_279	0.415931	1	5
NC_064034.1_4511652_4511901_pos_280	0.276699	1	4
NC_064034.1_15537534_15537783_pos_281	0.223965	1	1
NC_064034.1_16681962_16682211_pos_282	0.215795	1	2
NC_064035.1_4979980_4980229_pos_283	0.470708	1	4
NC_064034.1_10031072_10031321_pos_284	0.102281	1	5
NC_064035.1_19905530_19905779_pos_285	0.155151	1	4
NC_064035.1_15780906_15781155_pos_286	0.227962	1	5
NC_064034.1_673281_673530_pos_287	0.441133	1	2
NC_064035.1_8883551_8883800_pos_288	0.294018	1	5
NC_064034.1_2590740_2590989_pos_289	0.154283	1	5
NC_064034.1_2667371_2667620_pos_290	0.598293	1	1
NC_064034.1_4383181_4383430_pos_291	0.110422	1	2
NC_064034.1_4649539_4649788_pos_292	0.0223741	1	5
NC_064034.1_5099100_5099349_pos_293	0.172327	1	3
NC_064034.1_5431814_5432063_pos_294	-0.0306097	1	3
NC_064034.1_5627300_5627549_pos_295	0.0751182	1	4
NC_064034.1_5832957_5833206_pos_296	-0.0302219	1	1
NC_064034.1_6716044_6716293_pos_297	-0.17604	1	5
NC_064034.1_7561935_7562184_pos_298	0.202983	1	3
NC_064034.1_7632816_7633064_pos_299	-0.304086	1	1
NC_064034.1_7638952_7639200_pos_300	0.223356	1	5
NC_064034.1_9533776_9534024_pos_301	0.0883175	1	1
NC_064034.1_10356725_10356974_pos_302	0.0978142	1	1
NC_064034.1_11457163_11457411_pos_303	0.0404898	1	1
NC_064034.1_12251151_12251400_pos_304	-0.374663	1	3
NC_064034.1_12761959_12762208_pos_305	0.0184541	1	2
NC_064034.1_13283033_13283281_pos_306	0.434227	1	2
NC_064034.1_15870043_15870292_pos_307	0.10347	1	1
NC_064034.1_16334936_16335185_pos_308	0.140804	1	4
NC_064034.1_16364523_16364771_pos_309	0.453152	1	2
NC_064034.1_16423087_16423335_pos_310	0.324357	1	2
NC_064034.1_17443117_17443366_pos_311	0.440563	1	5
NC_064034.1_20768554_20768803_pos_312	-0.0059723	1	2
NC_064034.1_21208146_21208395_pos_313	-0.0312723	1	1
NC_064034.1_21446199_21446448_pos_314	0.258659	1	3
NC_064034.1_21819384_21819633_pos_315	0.351317	1	5
NC_064035.1_1397258_1397507_pos_316	-0.125453	1	1
NC_064035.1_5615266_5615514_pos_317	0.379909	1	1
NC_064035.1_5869212_5869460_pos_318	0.0820385	1	1
NC_064035.1_8050972_8051221_pos_319	0.317586	1	4
NC_064035.1_9688245_9688494_pos_320	-0.189156	1	5
NC_064035.1_10380135_10380384_pos_321	0.782479	1	2
NC_064035.1_10889598_10889847_pos_322	-0.118653	1	2
NC_064035.1_10891089_10891338_pos_323	0.113632	1	4
NC_064035.1_11456153_11456402_pos_324	-0.0296974	1	1
NC_064035.1_12027619_12027868_pos_325	-0.0805611	1	3
NC_064035.1_12313759_12314008_pos_326	0.0453345	1	1
NC_064035.1_12408457_12408705_pos_327	0.190512	1	1
NC_064035.1_12934850_12935099_pos_328	0.316042	1	3
NC_064035.1_13236945_13237194_pos_329	0.00481981	1	2
NC_064035.1_15387611_15387860_pos_330	0.166546	1	1
NC_064035.1_16328891_16329140_pos_331	0.266118	1	1
NC_064035.1_20457710_20457959_pos_332	0.270155	1	3
NC_064035.1_20458348_20458597_pos_333	0.23102	1	3
NC_064035.1_20465400_20465649_pos_334	0.966131	1	2
NC_064035.1_9051099_9051348_pos_335	0.253593	1	4
NC_064035.1_15600613_15600862_pos_336	-0.0102884	1	5
NC_064034.1_8217132_8217381_pos_337	0.454628	1	5
NC_064034.1_9271325_9271574_pos_338	0.51443	1	4
NC_064035.1_9396034_9396283_pos_339	0.363222	1	3
NC_064034.1_10529520_10529769_pos_340	0.00323262	1	4
NC_064034.1_8762079_8762328_pos_341	0.407179	1	3
NC_064035.1_8085230_8085479_pos_342	0.0881579	1	2
NC_064035.1_8040927_8041176_pos_343	0.057504	1	4
NC_064034.1_15537226_15537475_pos_344	-0.0049927	1	4
NC_064035.1_11280451_11280700_pos_345	0.168379	1	4
NC_064035.1_4168920_4169169_pos_346	-0.0245583	1	1
NC_064035.1_1997942_1998191_pos_347	-0.191244	1	5
NC_064034.1_1701519_1701768_pos_348	-0.300701	1	5
NC_064034.1_633213_633462_pos_349	0.193819	1	3
NC_064034.1_829008_829257_pos_350	0.177534	1	3
NC_064035.1_16095821_16096070_pos_351	0.279303	1	3
NC_064034.1_8798092_8798341_pos_352	0.0335314	1	3
NC_064035.1_11507138_11507387_pos_353	-0.0277437	1	2
NC_064035.1_5982488_5982737_pos_354	-0.0807145	1	4
NC_064035.1_8069479_8069728_pos_355	0.178563	1	3
NC_064035.1_15788482_15788731_pos_356	0.399591	1	2
NC_064034.1_1389776_1390025_pos_357	0.115844	1	5
NC_064034.1_6596082_6596331_pos_358	0.00154569	1	2
NC_064035.1_6716398_6716646_pos_359	0.0982378	1	3
NC_064034.1_3867310_3867559_pos_360	0.0320233	1	3
NC_064034.1_19574327_19574576_pos_361	0.541096	1	5
NC_064035.1_13512693_13512942_pos_362	0.519261	1	3
NC_064035.1_18796226_18796475_pos_363	-0.152666	1	2
NC_064036.1_855163_855412_pos_364	0.339038	1	1
NC_064035.1_1329136_1329385_pos_365	-0.106255	1	4
NC_064034.1_1830790_1831039_pos_366	0.238684	1	3
NC_064035.1_4026398_4026647_pos_367	0.196052	1	3
NC_064034.1_10613403_10613652_pos_368	0.313167	1	3
NC_064034.1_1068624_1068873_pos_369	0.230984	1	3
NC_064034.1_2559166_2559415_pos_370	0.232563	1	5
NC_064034.1_16387775_16388024_pos_371	0.137727	1	1
NC_064034.1_2363459_2363708_pos_372	0.610183	1	4
NC_064034.1_13705684_13705933_pos_373	0.444661	1	1
NC_064034.1_16089185_16089434_pos_374	0.253153	1	5
NC_064035.1_5639793_5640042_pos_375	0.0195775	1	2
NC_064035.1_7764646_7764895_pos_376	0.0217588	1	3
NC_064035.1_3777807_3778056_pos_377	0.00327351	1	2
NC_064035.1_12181114_12181363_pos_378	0.247403	1	1
NC_064034.1_9856510_9856759_pos_379	0.573614	1	3
NC_064034.1_5850036_5850285_pos_380	-0.00306728	1	5
NC_064034.1_1313550_1313799_pos_381	0.347107	1	5
NC_064034.1_1370283_1370531_pos_382	0.272753	1	3
NC_064034.1_1833821_1834070_pos_383	0.378037	1	2
NC_064034.1_1941798_1942047_pos_384	0.196113	1	4
NC_064034.1_2948407_2948656_pos_385	0.00298744	1	3
NC_064034.1_3693925_3694174_pos_386	0.244377	1	5
NC_064034.1_4651947_4652195_pos_387	-0.386128	1	4
NC_064034.1_4803441_4803690_pos_388	-0.0968968	1	5
NC_064034.1_5815164_5815412_pos_389	-0.532258	1	3
NC_064034.1_6452905_6453153_pos_390	0.100779	1	1
NC_064034.1_7017256_7017505_pos_391	0.221569	1	3
NC_064034.1_7561655_7561904_pos_392	-0.180893	1	5
NC_064034.1_7624117_7624366_pos_393	0.34635	1	3
NC_064034.1_7840150_7840399_pos_394	0.338728	1	4
NC_064034.1_7880645_7880894_pos_395	0.320963	1	1
NC_064034.1_8573658_8573907_pos_396	0.559973	1	3
NC_064034.1_9446113_9446362_pos_397	0.168895	1	3
NC_064034.1_9562794_9563042_pos_398	0.254192	1	1
NC_064034.1_11456949_11457198_pos_399	0.179557	1	3
NC_064034.1_13570809_13571057_pos_400	0.197382	1	2
NC_064034.1_13646435_13646683_pos_401	0.022665	1	4
NC_064034.1_14448332_14448580_pos_402	0.320113	1	2
NC_064034.1_14969549_14969797_pos_403	-0.231878	1	5
NC_064034.1_16391058_16391307_pos_404	0.205166	1	3
NC_064034.1_18700574_18700822_pos_405	0.0880393	1	5
NC_064034.1_18823504_18823753_pos_406	0.248212	1	4
NC_064034.1_19298926_19299175_pos_407	0.682064	1	2
NC_064034.1_19306278_19306527_pos_408	0.48206	1	3
NC_064034.1_19574606_19574855_pos_409	0.279528	1	2
NC_064034.1_19737144_19737393_pos_410	0.153	1	4
NC_064034.1_19955937_19956185_pos_411	0.0643872	1	3
NC_064034.1_19998996_19999244_pos_412	-0.197733	1	4
NC_064034.1_20579030_20579279_pos_413	-0.0923642	1	4
NC_064034.1_21656333_21656582_pos_414	0.142559	1	5
NC_064035.1_1523280_1523529_pos_415	0.0226175	1	4
NC_064035.1_1812346_1812594_pos_416	0.061448	1	5
NC_064035.1_2998263_2998511_pos_417	0.334025	1	5
NC_064035.1_3380712_3380960_pos_418	0.474007	1	2
NC_064035.1_4152490_4152738_pos_419	0.294774	1	5
NC_064035.1_6405253_6405502_pos_420	-0.388227	1	1
NC_064035.1_6834539_6834788_pos_421	0.101363	1	3
NC_064035.1_7222863_7223112_pos_422	0.323819	1	5
NC_064035.1_8818895_8819143_pos_423	0.000106222	1	3
NC_064035.1_9208036_9208284_pos_424	0.0939211	1	5
NC_064035.1_9363264_9363513_pos_425	0.359633	1	3
NC_064035.1_10580469_10580718_pos_426	-0.0434788	1	4
NC_064035.1_10929402_10929651_pos_427	-0.31794	1	5
NC_064035.1_11016036_11016284_pos_428	-0.0214554	1	3
NC_064035.1_11205257_11205506_pos_429	-0.509341	1	3
NC_064035.1_12849725_12849973_pos_430	-0.0863023	1	3
NC_064035.1_12866535_12866783_pos_431	0.297661	1	1
NC_064035.1_14440443_14440692_pos_432	0.349742	1	4
NC_064035.1_15112522_15112770_pos_433	0.471416	1	5
NC_064035.1_15652644_15652893_pos_434	0.312639	1	5
NC_064035.1_20448848_20449097_pos_435	0.0129753	1	5
NC_064035.1_20468069_20468318_pos_436	-0.237024	1	4
NC_064035.1_20472620_20472869_pos_437	0.867318	1	5
NC_064035.1_20778317_20778565_pos_438	-0.135546	1	2
NC_064035.1_20841852_20842101_pos_439	0.248067	1	1
NC_064036.1_1138463_1138712_pos_440	0.0730492	1	2
NC_064036.1_1313797_1314046_pos_441	-0.137063	1	2
NC_064034.1_9220195_9220444_pos_442	0.0186321	1	4
NC_064036.1_767905_768154_pos_443	-0.058872	1	5
NC_064034.1_6727210_6727459_pos_444	0.239623	1	4
NC_064035.1_6439735_6439984_pos_445	-0.0620131	1	4
NC_064034.1_12115993_12116242_pos_446	0.780452	1	5
NC_064034.1_1065646_1065895_pos_447	0.0144344	1	2
NC_064035.1_3816103_3816352_pos_448	0.430002	1	2
NC_064035.1_18867901_18868150_pos_449	-0.216762	1	5
NC_064034.1_4551570_4551819_pos_450	0.115174	1	2
NC_064035.1_19905701_19905949_pos_451	-0.0452162	1	1
NC_064035.1_9747296_9747545_pos_452	-0.773279	1	5
NC_064035.1_18791980_18792229_pos_453	0.252462	1	1
NC_064034.1_11679505_11679754_pos_454	0.517473	1	5
NC_064034.1_7347194_7347443_pos_455	0.699438	1	3
NC_064034.1_20692497_20692746_pos_456	0.254607	1	3
NC_064035.1_15207105_15207353_pos_457	0.026436	1	1
NC_064034.1_12209268_12209517_pos_458	0.0868645	1	3
NC_064034.1_18855508_18855757_pos_459	0.215615	1	4
NC_064035.1_3722488_3722737_pos_460	0.186997	1	1
NC_064034.1_1045026_1045275_pos_461	0.351597	1	3
NC_064034.1_5105642_5105891_pos_462	0.237973	1	5
NC_064035.1_6246143_6246392_pos_463	0.161794	1	4
NC_064035.1_8772016_8772265_pos_464	-0.229888	1	5
NC_064035.1_16323483_16323732_pos_465	0.164528	1	3
NC_064035.1_12572290_12572539_pos_466	0.334655	1	3
NC_064034.1_3321683_3321932_pos_467	-0.127701	1	2
NC_064035.1_5963017_5963265_pos_468	0.339908	1	4
NC_064034.1_2883463_2883712_pos_469	-0.299486	1	4
NC_064034.1_2993582_2993831_pos_470	-0.141622	1	4
NC_064035.1_14995531_14995780_pos_471	0.289667	1	5
NC_064036.1_1453415_1453664_pos_472	0.446503	1	2
NC_064035.1_2305081_2305330_pos_473	0.315335	1	3
NC_064034.1_9392348_9392597_pos_474	0.379995	1	4
NC_064035.1_13650981_13651230_pos_475	0.145998	1	1
NC_064035.1_20449482_20449731_pos_476	0.10167	1	4
NC_064035.1_21613328_21613577_pos_477	0.418715	1	2
NC_064034.1_13501347_13501596_pos_478	0.00353235	1	2
NC_064034.1_4825375_4825623_pos_479	0.191457	1	4
NC_064034.1_6172174_6172423_pos_480	-0.0481032	1	5
NC_064034.1_15919272_15919521_pos_481	0.291829	1	3
NC_064035.1_3545089_3545338_pos_482	-0.307536	1	3
NC_064035.1_12931230_12931479_pos_483	0.402013	1	1
NC_064036.1_679088_679337_pos_484	0.224537	1	5
NC_064034.1_1926163_1926412_pos_485	0.0872822	1	3
NC_064034.1_1982613_1982862_pos_486	0.1833	1	3
NC_064036.1_881522_881770_pos_487	-0.340649	1	3
NC_064035.1_9510937_9511186_pos_488	0.0931449	1	1
NC_064034.1_22023929_22024178_pos_489	0.205436	1	1
NC_064035.1_15591493_15591742_pos_490	0.0174549	1	3
NC_064034.1_21760075_21760324_pos_491	0.0285304	1	1
NC_064035.1_9905206_9905455_pos_492	0.31463	1	4
NC_064034.1_21062954_21063203_pos_493	0.453325	1	3
NC_064034.1_11671453_11671701_pos_494	-0.266561	1	2
NC_064034.1_3909228_3909477_pos_495	0.167219	1	1
NC_064034.1_19379365_19379614_pos_496	0.246024	1	2
NC_064034.1_1974153_1974402_pos_497	0.0788359	1	4
NC_064035.1_15040539_15040788_pos_498	0.445097	1	3
NC_064034.1_8843250_8843499_pos_499	-0.191092	1	3
NC_064034.1_1391055_1391304_pos_500	0.122179	1	1
NC_064034.1_4563080_4563329_pos_501	0.147235	1	3
NC_064034.1_15704691_15704940_pos_502	0.00573029	1	3
NC_064036.1_1318010_1318259_pos_503	0.52649	1	5
NC_064034.1_21062304_21062553_pos_504	0.331352	1	3
NC_064036.1_981567_981816_pos_505	0.367818	1	3
NC_064035.1_14659630_14659879_pos_506	0.139464	1	2
NC_064034.1_18153342_18153591_pos_507	0.261801	1	4
NC_064035.1_3563284_3563533_pos_508	0.309745	1	3
NC_064034.1_13054872_13055121_pos_509	-0.0445959	1	5
NC_064035.1_13098026_13098275_pos_510	0.26255	1	2
NC_064035.1_4746416_4746665_pos_511	0.0686819	1	2
NC_064034.1_11868061_11868310_pos_512	0.328834	1	1
NC_064034.1_1063819_1064068_pos_513	0.0648275	1	4
NC_064034.1_1611842_1612091_pos_514	0.301025	1	4
NC_064034.1_1822945_1823193_pos_515	0.183247	1	3
NC_064034.1_1829292_1829540_pos_516	0.767506	1	2
NC_064034.1_2148748_2148997_pos_517	-0.0296652	1	4
NC_064034.1_2280539_2280788_pos_518	0.0307991	1	1
NC_064034.1_2545933_2546182_pos_519	-0.169374	1	2
NC_064034.1_2672465_2672713_pos_520	0.270875	1	3
NC_064034.1_3666666_3666915_pos_521	0.0586783	1	5
NC_064034.1_4185743_4185992_pos_522	0.0448302	1	4
NC_064034.1_4330247_4330496_pos_523	0.108046	1	4
NC_064034.1_4347919_4348167_pos_524	0.420701	1	2
NC_064034.1_4563773_4564022_pos_525	-0.354145	1	3
NC_064034.1_4578954_4579202_pos_526	0.291931	1	5
NC_064034.1_4587403_4587652_pos_527	0.0873765	1	4
NC_064034.1_4720518_4720767_pos_528	0.0575318	1	3
NC_064034.1_5232837_5233085_pos_529	0.355687	1	4
NC_064034.1_5268725_5268974_pos_530	-0.557551	1	2
NC_064034.1_5385452_5385701_pos_531	0.0528076	1	1
NC_064034.1_5508658_5508907_pos_532	-0.0277922	1	1
NC_064034.1_5892072_5892321_pos_533	-0.414784	1	3
NC_064034.1_6254389_6254638_pos_534	-0.0318119	1	2
NC_064034.1_6262626_6262875_pos_535	0.0359007	1	1
NC_064034.1_6602385_6602633_pos_536	0.474545	1	4
NC_064034.1_6737437_6737686_pos_537	-0.187981	1	4
NC_064034.1_6816058_6816306_pos_538	0.25113	1	1
NC_064034.1_7432436_7432685_pos_539	-0.0844989	1	4
NC_064034.1_7784845_7785093_pos_540	0.0981231	1	1
NC_064034.1_9208370_9208619_pos_541	0.091966	1	4
NC_064034.1_9383249_9383498_pos_542	0.393698	1	1
NC_064034.1_10219769_10220018_pos_543	0.265504	1	2
NC_064034.1_10322204_10322453_pos_544	0.72014	1	5
NC_064034.1_10908560_10908808_pos_545	0.030843	1	5
NC_064034.1_11257667_11257916_pos_546	0.669131	1	5
NC_064034.1_11343770_11344019_pos_547	0.340163	1	3
NC_064034.1_11351827_11352076_pos_548	0.0521706	1	2
NC_064034.1_12202392_12202641_pos_549	0.305082	1	3
NC_064034.1_12662471_12662719_pos_550	-0.24258	1	2
NC_064034.1_13179114_13179363_pos_551	0.383678	1	1
NC_064034.1_13559058_13559307_pos_552	0.110058	1	5
NC_064034.1_14873286_14873534_pos_553	-0.0165988	1	1
NC_064034.1_15961424_15961673_pos_554	-0.255395	1	1
NC_064034.1_16201869_16202117_pos_555	0.467451	1	5
NC_064034.1_16781226_16781474_pos_556	0.476573	1	4
NC_064034.1_17618446_17618695_pos_557	0.0733517	1	4
NC_064034.1_18453039_18453287_pos_558	0.435347	1	4
NC_064034.1_18938929_18939178_pos_559	0.240119	1	3
NC_064034.1_19518611_19518859_pos_560	0.151203	1	5
NC_064034.1_19526802_19527050_pos_561	-0.00300334	1	1
NC_064034.1_20146035_20146284_pos_562	-0.193687	1	1
NC_064034.1_20650364_20650613_pos_563	0.13549	1	5
NC_064034.1_21510440_21510688_pos_564	0.0509214	1	5
NC_064034.1_21809206_21809455_pos_565	0.0349809	1	2
NC_064035.1_1176694_1176942_pos_566	-0.12232	1	3
NC_064035.1_2016852_2017101_pos_567	-0.0638497	1	1
NC_064035.1_2032959_2033207_pos_568	0.018916	1	2
NC_064035.1_2067552_2067801_pos_569	0.479845	1	1
NC_064035.1_2179486_2179735_pos_570	0.0854544	1	4
NC_064035.1_3343231_3343479_pos_571	0.233781	1	5
NC_064035.1_3689172_3689421_pos_572	0.0565168	1	2
NC_064035.1_4713678_4713926_pos_573	0.490834	1	3
NC_064035.1_4761848_4762097_pos_574	-0.125937	1	2
NC_064035.1_5672154_5672403_pos_575	-0.229004	1	2
NC_064035.1_5870691_5870940_pos_576	-0.122814	1	3
NC_064035.1_5874865_5875114_pos_577	-0.424787	1	4
NC_064035.1_5875388_5875636_pos_578	-0.223629	1	5
NC_064035.1_5883695_5883944_pos_579	0.00601055	1	1
NC_064035.1_6480519_6480767_pos_580	-0.204246	1	2
NC_064035.1_7176573_7176822_pos_581	0.218047	1	1
NC_064035.1_7696029_7696277_pos_582	0.229675	1	4
NC_064035.1_7973251_7973500_pos_583	0.271354	1	2
NC_064035.1_8308325_8308573_pos_584	0.420934	1	3
NC_064035.1_8621322_8621571_pos_585	-0.178133	1	4
NC_064035.1_8709495_8709743_pos_586	0.032913	1	4
NC_064035.1_8738843_8739092_pos_587	0.360265	1	1
NC_064035.1_8815144_8815393_pos_588	0.140418	1	5
NC_064035.1_8823050_8823299_pos_589	-0.0407033	1	1
NC_064035.1_9250686_9250934_pos_590	-0.1036	1	5
NC_064035.1_10117563_10117811_pos_591	-0.625727	1	5
NC_064035.1_10124839_10125087_pos_592	0.216982	1	3
NC_064035.1_10625654_10625902_pos_593	0.204294	1	3
NC_064035.1_10703381_10703629_pos_594	-0.0902737	1	4
NC_064035.1_10707065_10707313_pos_595	0.13104	1	2
NC_064035.1_11188321_11188569_pos_596	0.2299	1	2
NC_064035.1_11893119_11893368_pos_597	0.289477	1	4
NC_064035.1_12080967_12081216_pos_598	0.154377	1	3
NC_064035.1_12185433_12185682_pos_599	0.230576	1	4
NC_064035.1_12186049_12186298_pos_600	0.12314	1	3
NC_064035.1_12313350_12313598_pos_601	-0.0600168	1	4
NC_064035.1_12323887_12324135_pos_602	0.356434	1	1
NC_064035.1_12576557_12576806_pos_603	0.0870451	1	3
NC_064035.1_12598042_12598290_pos_604	0.418514	1	5
NC_064035.1_12643182_12643430_pos_605	0.157545	1	3
NC_064035.1_13768311_13768559_pos_606	-0.0387426	1	1
NC_064035.1_13820848_13821096_pos_607	0.446677	1	3
NC_064035.1_13871214_13871462_pos_608	-0.202816	1	1
NC_064035.1_14603946_14604194_pos_609	-0.155936	1	2
NC_064035.1_14747100_14747349_pos_610	0.0604941	1	4
NC_064035.1_14824043_14824292_pos_611	0.302739	1	1
NC_064035.1_15055125_15055374_pos_612	0.459889	1	5
NC_064035.1_15262555_15262804_pos_613	0.41458	1	5
NC_064035.1_15376042_15376291_pos_614	0.375581	1	3
NC_064035.1_15404941_15405190_pos_615	-0.121311	1	2
NC_064035.1_15568244_15568493_pos_616	0.143797	1	5
NC_064035.1_15930933_15931182_pos_617	-0.0619987	1	2
NC_064035.1_18787369_18787618_pos_618	0.0118375	1	5
NC_064035.1_18801091_18801340_pos_619	0.102828	1	4
NC_064035.1_19830857_19831106_pos_620	0.677694	1	3
NC_064035.1_19882432_19882681_pos_621	0.293796	1	4
NC_064035.1_20410807_20411055_pos_622	0.0996515	1	1
NC_064035.1_20480614_20480863_pos_623	0.954741	1	1
NC_064035.1_20493801_20494049_pos_624	-0.21427	1	3
NC_064035.1_20524898_20525147_pos_625	-0.239191	1	5
NC_064035.1_21473038_21473286_pos_626	0.20147	1	2
NC_064035.1_21577091_21577340_pos_627	0.179055	1	3
NC_064035.1_21581789_21582038_pos_628	0.00697857	1	3
NC_064036.1_581369_581617_pos_629	0.498323	1	1
NC_064036.1_983169_983417_pos_630	-0.0992987	1	1
NC_064036.1_1212822_1213071_pos_631	0.231327	1	2
NC_064036.1_1320777_1321026_pos_632	0.0636164	1	1
NC_064035.1_12483559_12483808_pos_633	0.286064	1	3
NC_064035.1_4980189_4980437_pos_634	-0.151141	1	4
NC_064035.1_4319307_4319556_pos_635	0.369407	1	2
NC_064035.1_14441483_14441732_pos_636	0.290098	1	3
NC_064035.1_9865819_9866068_pos_637	0.264185	1	3
NC_064034.1_6545524_6545773_pos_638	-0.0432846	1	4
NC_064034.1_2528650_2528899_pos_639	0.0918603	1	3
NC_064035.1_6408661_6408910_pos_640	0.268348	1	2
NC_064035.1_8458942_8459191_pos_641	-0.150464	1	5
NC_064034.1_2689809_2690057_pos_642	0.492063	1	5
NC_064035.1_8183387_8183636_pos_643	0.0609661	1	5
NC_064035.1_13859209_13859458_pos_644	0.265818	1	5
NC_064035.1_4064539_4064788_pos_645	0.463745	1	1
NC_064034.1_5152978_5153227_pos_646	-0.329993	1	2
NC_064034.1_8705916_8706165_pos_647	-0.189907	1	3
NC_064035.1_6486451_6486700_pos_648	0.210904	1	5
NC_064035.1_21806551_21806800_pos_649	0.181936	1	1
NC_064034.1_3430240_3430489_pos_650	0.0194352	1	1
NC_064034.1_7823495_7823744_pos_651	0.143505	1	4
NC_064034.1_16789297_16789546_pos_652	0.150339	1	1
NC_064035.1_6715713_6715962_pos_653	0.0154539	1	3
NC_064034.1_4838883_4839132_pos_654	0.301263	1	2
NC_064034.1_6798651_6798900_pos_655	-0.284895	1	1
NC_064034.1_8307478_8307727_pos_656	0.490088	1	4
NC_064034.1_10510135_10510384_pos_657	0.553007	1	4
NC_064034.1_20655668_20655917_pos_658	0.045025	1	5
NC_064035.1_3366918_3367167_pos_659	0.0938064	1	3
NC_064035.1_6834159_6834408_pos_660	-0.133604	1	3
NC_064035.1_16323178_16323427_pos_661	0.180653	1	1
NC_064035.1_19418733_19418982_pos_662	0.0856318	1	5
NC_064034.1_19930981_19931230_pos_663	0.463031	1	2
NC_064035.1_1676966_1677215_pos_664	0.49765	1	1
NC_064034.1_18970848_18971097_pos_665	0.0347929	1	4
NC_064035.1_4111894_4112143_pos_666	0.512269	1	2
NC_064035.1_15810548_15810797_pos_667	0.111492	1	4
NC_064035.1_13207132_13207381_pos_668	0.234987	1	1
NC_064034.1_5133250_5133499_pos_669	-0.148154	1	2
NC_064034.1_3906029_3906278_pos_670	0.0024805	1	5
NC_064034.1_4138751_4139000_pos_671	0.0455383	1	2
NC_064034.1_12743764_12744012_pos_672	-0.0179399	1	3
NC_064034.1_21304436_21304685_pos_673	0.21164	1	4
NC_064035.1_2136616_2136865_pos_674	-1.00087	1	2
NC_064035.1_5618011_5618260_pos_675	0.233671	1	2
NC_064035.1_13663757_13664006_pos_676	0.225788	1	4
NC_064035.1_14352496_14352744_pos_677	-0.130619	1	4
NC_064035.1_21926965_21927214_pos_678	0.171136	1	4
NC_064034.1_21690455_21690704_pos_679	0.331315	1	4
NC_064034.1_11671636_11671885_pos_680	0.075327	1	4
NC_064034.1_7431077_7431326_pos_681	0.00302711	1	5
NC_064034.1_19734133_19734382_pos_682	0.163986	1	1
NC_064034.1_20331674_20331923_pos_683	-0.0512248	1	1
NC_064034.1_21250267_21250515_pos_684	0.33804	1	2
NC_064035.1_2163007_2163256_pos_685	0.0496023	1	3
NC_064035.1_3880308_3880557_pos_686	-0.293444	1	4
NC_064035.1_13096964_13097213_pos_687	-0.10934	1	3
NC_064036.1_1015870_1016119_pos_688	-0.0564391	1	3
NC_064034.1_11441613_11441862_pos_689	0.299121	1	1
NC_064034.1_15343863_15344112_pos_690	0.270667	1	5
NC_064035.1_9780460_9780709_pos_691	0.0108655	1	2
NC_064035.1_15924089_15924338_pos_692	0.0549664	1	4
NC_064034.1_7070748_7070997_pos_693	0.0100076	1	5
NC_064034.1_9773898_9774147_pos_694	0.0259532	1	4
NC_064035.1_3368708_3368957_pos_695	0.0591817	1	2
NC_064034.1_13646801_13647050_pos_696	0.0121696	1	4
NC_064034.1_20996861_20997110_pos_697	0.156542	1	4
NC_064034.1_13407242_13407491_pos_698	0.351432	1	5
NC_064035.1_3909925_3910173_pos_699	0.197221	1	1
NC_064035.1_12392143_12392392_pos_700	-0.28568	1	3
NC_064036.1_10689789_10690037_neg_1	0.00320991	-1	5
NC_064038.1_4527354_4527602_neg_2	0.292094	-1	4
NC_064039.1_9677892_9678141_neg_3	-0.287845	-1	2
NC_064035.1_3814979_3815227_neg_4	-0.303894	-1	4
NC_064035.1_15919319_15919568_neg_5	-0.108984	-1	2
NC_064041.1_4028204_4028452_neg_6	-0.433015	-1	1
NC_064039.1_1616421_1616670_neg_7	0.0191498	-1	3
NC_064036.1_4604645_4604894_neg_8	-0.0731413	-1	4
NC_064047.1_9763441_9763689_neg_9	-0.051522	-1	2
NC_064045.1_11397304_11397552_neg_10	-0.0714989	-1	3
NC_064037.1_8877335_8877583_neg_11	0.152128	-1	5
NC_064039.1_15822247_15822496_neg_12	0.0258144	-1	4
NC_064035.1_2816147_2816396_neg_13	-0.58585	-1	1
NC_064036.1_857879_858128_neg_14	0.21272	-1	4
NC_064047.1_1609159_1609407_neg_15	-0.513206	-1	5
NC_064042.1_9288297_9288545_neg_16	0.0216899	-1	5
NC_064034.1_7778845_7779093_neg_17	-0.152758	-1	1
NC_064035.1_5798487_5798736_neg_18	-0.165352	-1	4
NC_064035.1_11837688_11837936_neg_19	-0.381398	-1	1
NC_064039.1_7148809_7149057_neg_20	-0.0277784	-1	1
NC_064035.1_15433814_15434063_neg_21	-0.237417	-1	3
NC_064043.1_5814392_5814641_neg_22	0.0848676	-1	2
NC_064043.1_16081024_16081272_neg_23	-0.482433	-1	4
NC_064042.1_16555805_16556053_neg_24	0.00590336	-1	4
NC_064037.1_15166626_15166875_neg_25	-0.271836	-1	2
NC_064034.1_19092669_19092918_neg_26	-0.101559	-1	3
NC_064041.1_6758625_6758874_neg_27	-0.00793688	-1	5
NC_064047.1_2907985_2908233_neg_28	0.302678	-1	5
NC_064038.1_1050809_1051058_neg_29	0.245062	-1	4
NC_064036.1_17493138_17493387_neg_30	0.220275	-1	3
NC_064046.1_10480256_10480505_neg_31	-0.0638465	-1	2
NC_064037.1_15265914_15266163_neg_32	-0.0247486	-1	1
NC_064039.1_2499425_2499673_neg_33	0.0699678	-1	5
NC_064034.1_2825405_2825654_neg_34	-0.00738443	-1	1
NC_064047.1_11813619_11813867_neg_35	-0.0442115	-1	4
NC_064043.1_12495923_12496172_neg_36	-0.637924	-1	1
NC_064043.1_3556447_3556696_neg_37	-0.121221	-1	4
NC_064035.1_18204618_18204866_neg_38	-0.206297	-1	4
NC_064047.1_614897_615146_neg_39	-0.214816	-1	3
NC_064048.1_3782644_3782892_neg_40	-0.115898	-1	3
NC_064043.1_15838681_15838929_neg_41	0.427831	-1	5
NC_064041.1_3377402_3377650_neg_42	-0.178852	-1	1
NC_064037.1_1931793_1932042_neg_43	0.117465	-1	5
NC_064046.1_13589264_13589513_neg_44	-0.00643802	-1	4
NC_064040.1_1703419_1703668_neg_45	-0.0198445	-1	1
NC_064044.1_11787645_11787894_neg_46	-0.355823	-1	5
NC_064034.1_1450091_1450340_neg_47	-0.0279021	-1	1
NC_064041.1_16718685_16718934_neg_48	-0.670431	-1	1
NC_064034.1_20373798_20374047_neg_49	0.0665396	-1	3
NC_064044.1_5377588_5377837_neg_50	-0.465521	-1	5
NC_064034.1_14950334_14950583_neg_51	-0.257097	-1	4
NC_064034.1_2075079_2075327_neg_52	0.0221482	-1	5
NC_064034.1_12627388_12627637_neg_53	-0.44963	-1	2
NC_064036.1_12876675_12876924_neg_54	0.26547	-1	1
NC_064043.1_5903237_5903486_neg_55	0.265061	-1	1
NC_064038.1_12287376_12287624_neg_56	-0.132602	-1	5
NC_064041.1_12876177_12876426_neg_57	-0.0243693	-1	3
NC_064037.1_15293113_15293362_neg_58	-0.118596	-1	3
NC_064046.1_6081948_6082197_neg_59	-0.178323	-1	1
NC_064035.1_2138_2387_neg_60	-0.165218	-1	1
NC_064037.1_3165905_3166154_neg_61	-0.148586	-1	5
NC_064035.1_21451785_21452033_neg_62	-0.223412	-1	3
NC_064035.1_19220391_19220640_neg_63	-0.104303	-1	5
NC_064044.1_961327_961575_neg_64	-0.0428749	-1	1
NC_064043.1_6840187_6840436_neg_65	-0.316285	-1	5
NC_064040.1_6479972_6480221_neg_66	-0.749254	-1	5
NC_064046.1_15459241_15459489_neg_67	-0.887291	-1	1
NC_064035.1_15246300_15246549_neg_68	0.335956	-1	1
NC_064045.1_4318900_4319148_neg_69	-0.0467114	-1	2
NC_064037.1_1196301_1196550_neg_70	0.0876778	-1	4
NC_064035.1_5633716_5633964_neg_71	0.065216	-1	3
NC_064045.1_8791799_8792047_neg_72	-0.0980053	-1	5
NC_064035.1_17037397_17037646_neg_73	-0.0295151	-1	1
NC_064038.1_5868824_5869073_neg_74	-0.572143	-1	4
NC_064048.1_5744790_5745038_neg_75	-0.30696	-1	2
NC_064043.1_6589962_6590210_neg_76	-0.169165	-1	3
NC_064037.1_18093366_18093614_neg_77	-0.0769919	-1	4
NC_064048.1_12158978_12159227_neg_78	-0.0685343	-1	1
NC_064041.1_6691608_6691857_neg_79	-0.347943	-1	2
NC_064039.1_12099539_12099787_neg_80	0.0858352	-1	3
NC_064036.1_11531855_11532104_neg_81	-0.0325574	-1	5
NC_064036.1_8342891_8343140_neg_82	0.125291	-1	2
NC_064039.1_15408281_15408530_neg_83	-0.252145	-1	1
NC_064046.1_10400796_10401045_neg_84	-0.159927	-1	1
NC_064041.1_9047558_9047806_neg_85	-0.10132	-1	2
NC_064036.1_8085954_8086202_neg_86	0.113327	-1	3
NC_064035.1_1221462_1221710_neg_87	-0.102831	-1	3
NC_064035.1_17261782_17262031_neg_88	0.0170855	-1	2
NC_064037.1_19114514_19114763_neg_89	-0.324171	-1	3
NC_064046.1_3803603_3803852_neg_90	0.155419	-1	3
NC_064041.1_6888586_6888834_neg_91	-0.447326	-1	5
NC_064034.1_9150568_9150816_neg_92	0.152191	-1	2
NC_064035.1_19557176_19557425_neg_93	-0.361032	-1	3
NC_064034.1_5485341_5485590_neg_94	0.0931773	-1	5
NC_064039.1_4133225_4133474_neg_95	-0.516832	-1	1
NC_064041.1_11016997_11017246_neg_96	-0.277183	-1	3
NC_064034.1_20422341_20422589_neg_97	-0.150239	-1	1
NC_064037.1_14071918_14072166_neg_98	-0.175406	-1	1
NC_064041.1_12784401_12784650_neg_99	-0.0973407	-1	2
NC_064047.1_4209216_4209464_neg_100	-0.0485985	-1	5
NC_064035.1_19760973_19761221_neg_101	-0.279526	-1	1
NC_064040.1_17560412_17560660_neg_102	-0.0933169	-1	5
NC_064038.1_17021789_17022037_neg_103	-0.116745	-1	1
NC_064039.1_77344_77592_neg_104	0.0617519	-1	4
NC_064038.1_15238765_15239014_neg_105	-0.251827	-1	4
NC_064046.1_9869168_9869417_neg_106	-0.773843	-1	5
NC_064037.1_5160667_5160916_neg_107	-0.0629759	-1	5
NC_064039.1_14811929_14812177_neg_108	-0.481426	-1	5
NC_064045.1_86172_86421_neg_109	-0.436471	-1	3
NC_064043.1_8657111_8657360_neg_110	-0.0627692	-1	2
NC_064044.1_10355987_10356235_neg_111	0.58132	-1	5
NC_064040.1_15096324_15096572_neg_112	-0.0451451	-1	1
NC_064036.1_9807658_9807907_neg_113	-0.131104	-1	2
NC_064048.1_7330165_7330413_neg_114	0.0516814	-1	3
NC_064034.1_165382_165631_neg_115	-0.790416	-1	1
NC_064035.1_19831650_19831898_neg_116	-0.414525	-1	4
NC_064035.1_15540294_15540542_neg_117	-0.347498	-1	5
NC_064034.1_14020126_14020375_neg_118	-0.421321	-1	4
NC_064043.1_13956340_13956589_neg_119	-0.0733313	-1	3
NC_064047.1_11801762_11802011_neg_120	-0.0162117	-1	1
NC_064041.1_16700066_16700315_neg_121	-0.972784	-1	5
NC_064047.1_14581312_14581560_neg_122	0.101162	-1	2
NC_064043.1_8961410_8961659_neg_123	0.194645	-1	2
NC_064039.1_8669789_8670038_neg_124	0.169389	-1	4
NC_064037.1_5180171_5180420_neg_125	0.139697	-1	2
NC_064045.1_1846467_1846716_neg_126	-0.330754	-1	5
NC_064040.1_2159114_2159362_neg_127	-0.548571	-1	3
NC_064034.1_16734724_16734972_neg_128	-0.0228446	-1	2
NC_064038.1_5123605_5123853_neg_129	-0.0872469	-1	1
NC_064034.1_13489948_13490197_neg_130	-0.130147	-1	2
NC_064034.1_12271355_12271604_neg_131	0.0210849	-1	1
NC_064036.1_13322675_13322923_neg_132	-0.234694	-1	5
NC_064044.1_6020152_6020400_neg_133	-0.369343	-1	4
NC_064039.1_10136501_10136750_neg_134	-0.109965	-1	4
NC_064036.1_9803164_9803412_neg_135	-0.11342	-1	2
NC_064044.1_9163265_9163514_neg_136	0.0343867	-1	1
NC_064034.1_12511652_12511900_neg_137	-0.149069	-1	5
NC_064034.1_10944476_10944725_neg_138	-0.13247	-1	5
NC_064040.1_12587336_12587585_neg_139	0.171895	-1	5
NC_064045.1_1399125_1399374_neg_140	-0.173651	-1	5
NC_064040.1_6514704_6514953_neg_141	0.0361284	-1	2
NC_064035.1_9972314_9972563_neg_142	-0.230323	-1	3
NC_064044.1_1689872_1690120_neg_143	-0.957272	-1	3
NC_064036.1_4991351_4991599_neg_144	-0.0679564	-1	3
NC_064036.1_19700835_19701083_neg_145	-0.380039	-1	1
NC_064038.1_8165202_8165451_neg_146	-0.00377864	-1	4
NC_064035.1_14004758_14005007_neg_147	-0.307804	-1	4
NC_064042.1_3712869_3713117_neg_148	-0.243578	-1	5
NC_064038.1_1219726_1219974_neg_149	0.0598248	-1	5
NC_064048.1_4836686_4836934_neg_150	-0.07631	-1	3
NC_064037.1_437126_437374_neg_151	-0.959009	-1	3
NC_064037.1_7931026_7931274_neg_152	-0.297277	-1	2
NC_064040.1_9515_9764_neg_153	-0.0094161	-1	3
NC_064047.1_9563707_9563956_neg_154	0.2147	-1	2
NC_064042.1_5665889_5666138_neg_155	-1.04006	-1	5
NC_064036.1_5590595_5590843_neg_156	-0.137076	-1	5
NC_064047.1_1431764_1432012_neg_157	0.10823	-1	2
NC_064036.1_9946134_9946383_neg_158	0.144935	-1	1
NC_064046.1_4530316_4530564_neg_159	-0.204687	-1	3
NC_064034.1_17748958_17749207_neg_160	-0.0861576	-1	1
NC_064037.1_12980514_12980763_neg_161	0.000262029	-1	5
NC_064036.1_784163_784411_neg_162	-0.150266	-1	3
NC_064041.1_1051609_1051857_neg_163	-0.0119281	-1	3
NC_064036.1_18351341_18351590_neg_164	-0.138351	-1	2
NC_064035.1_229482_229730_neg_165	-0.168707	-1	3
NC_064036.1_17655415_17655664_neg_166	-0.294334	-1	2
NC_064041.1_4512952_4513200_neg_167	-0.349373	-1	4
NC_064045.1_4105494_4105742_neg_168	0.23522	-1	1
NC_064044.1_7825870_7826118_neg_169	-0.243327	-1	5
NC_064037.1_11816966_11817215_neg_170	0.00302354	-1	1
NC_064034.1_21731153_21731402_neg_171	0.196095	-1	3
NC_064038.1_3726381_3726629_neg_172	-0.513181	-1	1
NC_064044.1_10794618_10794867_neg_173	0.00547429	-1	5
NC_064041.1_7749089_7749337_neg_174	-0.340999	-1	4
NC_064037.1_5492695_5492943_neg_175	-0.130697	-1	2
NC_064048.1_512431_512680_neg_176	-0.362799	-1	2
NC_064046.1_12550295_12550544_neg_177	-0.254456	-1	4
NC_064047.1_7462941_7463190_neg_178	-0.182333	-1	2
NC_064035.1_18801326_18801575_neg_179	-0.0117292	-1	5
NC_064036.1_20078179_20078428_neg_180	-0.237204	-1	1
NC_064039.1_12666174_12666423_neg_181	-0.226039	-1	3
NC_064040.1_2141031_2141279_neg_182	-0.0865687	-1	2
NC_064045.1_3224613_3224861_neg_183	-0.111903	-1	5
NC_064040.1_9896478_9896727_neg_184	0.214545	-1	5
NC_064038.1_5441543_5441792_neg_185	-1.31435	-1	5
NC_064041.1_2721018_2721266_neg_186	0.0481757	-1	3
NC_064042.1_12803171_12803420_neg_187	0.190945	-1	5
NC_064047.1_11823465_11823714_neg_188	-0.322892	-1	2
NC_064046.1_7644978_7645226_neg_189	-0.264395	-1	3
NC_064046.1_653173_653421_neg_190	-0.419247	-1	1
NC_064043.1_823570_823818_neg_191	-0.988614	-1	1
NC_064037.1_706741_706989_neg_192	-1.14565	-1	2
NC_064042.1_8532503_8532752_neg_193	-0.0535371	-1	2
NC_064047.1_13828637_13828886_neg_194	0.311344	-1	4
NC_064037.1_4661760_4662008_neg_195	0.00309225	-1	2
NC_064034.1_14606296_14606545_neg_196	-0.0321294	-1	1
NC_064048.1_7002523_7002772_neg_197	0.0782444	-1	5
NC_064044.1_3426305_3426553_neg_198	-0.234469	-1	2
NC_064041.1_231169_231418_neg_199	-0.0474819	-1	3
NC_064041.1_11070569_11070817_neg_200	0.132942	-1	1
NC_064044.1_5709711_5709960_neg_201	0.0451465	-1	2
NC_064042.1_16518924_16519173_neg_202	0.00517736	-1	2
NC_064036.1_12420843_12421092_neg_203	-0.49212	-1	3
NC_064039.1_6510539_6510788_neg_204	-0.21332	-1	5
NC_064041.1_3090578_3090826_neg_205	-0.0255777	-1	5
NC_064036.1_1884572_1884821_neg_206	-0.121598	-1	5
NC_064035.1_3830091_3830340_neg_207	-0.0830479	-1	2
NC_064044.1_5102355_5102603_neg_208	-0.417096	-1	3
NC_064040.1_14038170_14038419_neg_209	-0.278135	-1	5
NC_064047.1_3559978_3560227_neg_210	-0.417289	-1	4
NC_064042.1_14643088_14643337_neg_211	0.192539	-1	4
NC_064043.1_2900208_2900457_neg_212	0.165972	-1	1
NC_064035.1_9133280_9133529_neg_213	-0.0967834	-1	3
NC_064044.1_4531120_4531368_neg_214	-0.0925721	-1	2
NC_064035.1_17479852_17480100_neg_215	0.211942	-1	3
NC_064039.1_1486012_1486260_neg_216	0.0738239	-1	4
NC_064039.1_3324257_3324506_neg_217	-0.144227	-1	1
NC_064035.1_10296965_10297214_neg_218	-0.00518683	-1	4
NC_064036.1_19264912_19265160_neg_219	-0.327858	-1	2
NC_064035.1_12267029_12267277_neg_220	-0.460271	-1	5
NC_064040.1_2805754_2806003_neg_221	-0.328307	-1	2
NC_064042.1_4147031_4147279_neg_222	-0.264869	-1	3
NC_064046.1_15203186_15203435_neg_223	-1.18087	-1	2
NC_064039.1_15738056_15738305_neg_224	-0.193567	-1	1
NC_064036.1_6077223_6077472_neg_225	-0.0580774	-1	2
NC_064037.1_15155476_15155724_neg_226	0.0310001	-1	3
NC_064048.1_6066626_6066874_neg_227	0.0432685	-1	5
NC_064045.1_12223609_12223858_neg_228	0.191878	-1	4
NC_064037.1_8810538_8810786_neg_229	-0.208656	-1	5
NC_064039.1_8035679_8035927_neg_230	-0.216797	-1	1
NC_064036.1_16913327_16913575_neg_231	-0.101385	-1	1
NC_064037.1_15473449_15473697_neg_232	0.0146945	-1	2
NC_064035.1_11732169_11732417_neg_233	-0.665303	-1	2
NC_064037.1_1836243_1836492_neg_234	-0.137378	-1	2
NC_064043.1_7521238_7521486_neg_235	0.254094	-1	2
NC_064034.1_17439761_17440009_neg_236	-0.346971	-1	1
NC_064035.1_8079113_8079361_neg_237	-0.138655	-1	4
NC_064034.1_4202879_4203128_neg_238	-0.0403355	-1	4
NC_064041.1_13267393_13267641_neg_239	-0.382874	-1	2
NC_064042.1_8111505_8111753_neg_240	-0.140152	-1	3
NC_064046.1_6143250_6143499_neg_241	0.284491	-1	3
NC_064034.1_7369960_7370209_neg_242	-0.594698	-1	1
NC_064048.1_173323_173572_neg_243	-0.31557	-1	3
NC_064042.1_14492843_14493092_neg_244	0.113658	-1	3
NC_064036.1_18885391_18885640_neg_245	-0.520171	-1	2
NC_064035.1_8351064_8351312_neg_246	-0.0466422	-1	2
NC_064044.1_3998469_3998718_neg_247	-0.508135	-1	4
NC_064044.1_1167026_1167275_neg_248	0.291831	-1	2
NC_064038.1_4714981_4715230_neg_249	0.244136	-1	1
NC_064040.1_7245855_7246103_neg_250	0.0238301	-1	4
NC_064036.1_19905934_19906183_neg_251	0.0799663	-1	1
NC_064034.1_18008580_18008829_neg_252	-0.107777	-1	4
NC_064041.1_14825854_14826103_neg_253	0.245637	-1	4
NC_064035.1_10004244_10004493_neg_254	-0.397132	-1	2
NC_064035.1_3357516_3357765_neg_255	-0.193072	-1	2
NC_064035.1_15210223_15210472_neg_256	0.0710594	-1	4
NC_064040.1_7583321_7583570_neg_257	0.0867882	-1	3
NC_064037.1_12314782_12315031_neg_258	0.0447508	-1	1
NC_064034.1_1962481_1962729_neg_259	-0.215402	-1	3
NC_064038.1_8949662_8949911_neg_260	-0.0786434	-1	2
NC_064040.1_3893_4141_neg_261	-0.0601578	-1	5
NC_064037.1_13773130_13773379_neg_262	-0.312867	-1	1
NC_064045.1_5708013_5708261_neg_263	-0.125098	-1	2
NC_064047.1_11097761_11098009_neg_264	-0.169013	-1	5
NC_064046.1_863444_863693_neg_265	-0.317415	-1	4
NC_064042.1_1018473_1018721_neg_266	-0.184175	-1	2
NC_064039.1_17615120_17615369_neg_267	-0.724176	-1	4
NC_064035.1_16017896_16018145_neg_268	-0.0897411	-1	2
NC_064039.1_12513900_12514148_neg_269	0.226832	-1	2
NC_064037.1_15952726_15952975_neg_270	-0.158972	-1	3
NC_064045.1_2739630_2739879_neg_271	-0.154934	-1	5
NC_064034.1_15135833_15136082_neg_272	0.0227168	-1	3
NC_064035.1_14876186_14876435_neg_273	0.0551329	-1	4
NC_064043.1_8804119_8804367_neg_274	-0.143142	-1	3
NC_064034.1_5123118_5123366_neg_275	0.196382	-1	4
NC_064037.1_1714628_1714877_neg_276	-0.19237	-1	4
NC_064037.1_1373637_1373886_neg_277	-0.033575	-1	3
NC_064039.1_809095_809343_neg_278	0.102495	-1	5
NC_064043.1_15469498_15469747_neg_279	-0.112283	-1	1
NC_064037.1_11946743_11946991_neg_280	0.425941	-1	4
NC_064041.1_7938141_7938389_neg_281	-0.208549	-1	1
NC_064035.1_8682878_8683127_neg_282	-0.0449295	-1	2
NC_064036.1_4810933_4811182_neg_283	0.119738	-1	5
NC_064046.1_12418340_12418589_neg_284	-0.0863726	-1	2
NC_064046.1_14487002_14487250_neg_285	-0.119571	-1	4
NC_064036.1_7782199_7782448_neg_286	-0.171102	-1	5
NC_064044.1_5105065_5105313_neg_287	0.105185	-1	4
NC_064038.1_10092495_10092743_neg_288	0.279212	-1	4
NC_064037.1_12610351_12610600_neg_289	0.195131	-1	3
NC_064043.1_12208003_12208252_neg_290	-0.0714766	-1	2
NC_064037.1_4294539_4294788_neg_291	-0.263679	-1	2
NC_064036.1_14763125_14763373_neg_292	-0.29511	-1	5
NC_064046.1_2403391_2403640_neg_293	-0.0218128	-1	3
NC_064043.1_4660361_4660610_neg_294	0.137373	-1	3
NC_064042.1_14183571_14183820_neg_295	0.14521	-1	4
NC_064040.1_12721309_12721558_neg_296	-0.0736456	-1	2
NC_064048.1_1497152_1497400_neg_297	-0.116719	-1	2
NC_064038.1_5449889_5450137_neg_298	-0.194898	-1	1
NC_064034.1_6032122_6032371_neg_299	-0.55596	-1	1
NC_064036.1_7555094_7555343_neg_300	-0.35868	-1	3
NC_064039.1_2910138_2910387_neg_301	0.138723	-1	3
NC_064039.1_11210674_11210923_neg_302	0.11498	-1	2
NC_064034.1_5108054_5108303_neg_303	-0.370564	-1	5
NC_064041.1_15715941_15716189_neg_304	-0.0197349	-1	1
NC_064034.1_18041881_18042129_neg_305	-0.0913064	-1	5
NC_064041.1_13403478_13403727_neg_306	-0.161307	-1	4
NC_064038.1_2259422_2259670_neg_307	-0.061628	-1	1
NC_064035.1_15697376_15697625_neg_308	-0.329743	-1	5
NC_064045.1_14178607_14178856_neg_309	0.0975957	-1	1
NC_064044.1_286417_286666_neg_310	0.197275	-1	1
NC_064038.1_14935162_14935410_neg_311	0.000612716	-1	2
NC_064034.1_8568459_8568708_neg_312	-0.618888	-1	1
NC_064038.1_381600_381848_neg_313	-0.688414	-1	2
NC_064041.1_5844068_5844317_neg_314	-0.881614	-1	2
NC_064036.1_15437642_15437891_neg_315	0.117441	-1	3
NC_064047.1_12188658_12188907_neg_316	-0.61616	-1	3
NC_064048.1_13652097_13652346_neg_317	-0.951087	-1	5
NC_064037.1_16825841_16826090_neg_318	-0.162905	-1	5
NC_064046.1_12706441_12706690_neg_319	0.119275	-1	5
NC_064036.1_1060388_1060637_neg_320	-0.355681	-1	3
NC_064046.1_4489405_4489654_neg_321	-0.164872	-1	4
NC_064041.1_8168267_8168515_neg_322	-0.166934	-1	5
NC_064035.1_12966428_12966676_neg_323	0.0759932	-1	3
NC_064038.1_6811694_6811942_neg_324	-0.395641	-1	2
NC_064038.1_6736731_6736980_neg_325	0.131643	-1	2
NC_064046.1_6241564_6241812_neg_326	-0.174528	-1	4
NC_064034.1_6862646_6862895_neg_327	0.116697	-1	2
NC_064036.1_13778335_13778584_neg_328	0.0664901	-1	3
NC_064039.1_5886880_5887128_neg_329	0.0609244	-1	4
NC_064038.1_13965276_13965525_neg_330	-0.273437	-1	3
NC_064046.1_210934_211183_neg_331	-0.00772912	-1	1
NC_064038.1_10039069_10039317_neg_332	-0.163107	-1	5
NC_064041.1_5292459_5292708_neg_333	0.157249	-1	2
NC_064037.1_7835371_7835620_neg_334	-0.145176	-1	4
NC_064039.1_5759104_5759352_neg_335	0.0266245	-1	4
NC_064047.1_7413922_7414171_neg_336	-1.0063	-1	3
NC_064045.1_2161931_2162180_neg_337	-0.0623006	-1	3
NC_064042.1_5610771_5611019_neg_338	0.0846225	-1	4
NC_064045.1_12999516_12999765_neg_339	0.26269	-1	2
NC_064042.1_2380109_2380358_neg_340	-0.0118872	-1	2
NC_064041.1_7320617_7320865_neg_341	0.366621	-1	1
NC_064044.1_10229817_10230065_neg_342	-0.394633	-1	5
NC_064041.1_9731320_9731569_neg_343	0.0191098	-1	2
NC_064036.1_20733731_20733980_neg_344	-0.0664271	-1	3
NC_064038.1_16752848_16753096_neg_345	0.0991511	-1	4
NC_064042.1_14418732_14418980_neg_346	-0.142195	-1	3
NC_064039.1_7542572_7542820_neg_347	-0.177245	-1	5
NC_064042.1_11609094_11609342_neg_348	-0.311096	-1	5
NC_064042.1_9470021_9470270_neg_349	-0.289848	-1	1
NC_064038.1_17356130_17356379_neg_350	-0.149555	-1	1
NC_064037.1_1149693_1149942_neg_351	-0.00977459	-1	3
NC_064039.1_8434592_8434841_neg_352	-0.295509	-1	4
NC_064040.1_10282762_10283011_neg_353	-0.0424971	-1	5
NC_064038.1_8679853_8680101_neg_354	0.180891	-1	5
NC_064044.1_4041059_4041308_neg_355	-0.164929	-1	1
NC_064034.1_20372164_20372412_neg_356	-0.159962	-1	5
NC_064044.1_6291221_6291469_neg_357	-0.0842714	-1	2
NC_064035.1_16939830_16940078_neg_358	-0.634587	-1	4
NC_064048.1_4607825_4608074_neg_359	-0.203276	-1	2
NC_064037.1_7915233_7915481_neg_360	0.481144	-1	4
NC_064042.1_15606851_15607100_neg_361	-0.326589	-1	4
NC_064047.1_15312110_15312358_neg_362	-0.271949	-1	3
NC_064037.1_15583288_15583536_neg_363	-0.208773	-1	1
NC_064042.1_12946866_12947115_neg_364	-0.0482667	-1	5
NC_064044.1_6095441_6095689_neg_365	-0.0118183	-1	4
NC_064047.1_11234970_11235218_neg_366	-0.479306	-1	1
NC_064046.1_8823004_8823253_neg_367	0.0878492	-1	2
NC_064034.1_20751556_20751805_neg_368	0.0475369	-1	2
NC_064041.1_4087582_4087831_neg_369	-0.170611	-1	2
NC_064045.1_10434071_10434319_neg_370	-0.207934	-1	4
NC_064036.1_6420451_6420700_neg_371	-0.19347	-1	5
NC_064043.1_10925838_10926086_neg_372	0.0824191	-1	5
NC_064035.1_19748237_19748486_neg_373	-0.0264925	-1	2
NC_064035.1_10369853_10370101_neg_374	-0.203655	-1	1
NC_064037.1_10463415_10463663_neg_375	-0.42128	-1	4
NC_064041.1_11234314_11234563_neg_376	-0.359388	-1	4
NC_064047.1_3033197_3033445_neg_377	-0.0920309	-1	2
NC_064048.1_4955100_4955349_neg_378	-0.177057	-1	1
NC_064042.1_4877817_4878065_neg_379	-0.0363731	-1	4
NC_064042.1_15109403_15109652_neg_380	-0.245629	-1	1
NC_064034.1_6365912_6366160_neg_381	0.230365	-1	1
NC_064044.1_14571962_14572211_neg_382	-0.0306537	-1	5
NC_064035.1_18774532_18774780_neg_383	-0.219893	-1	4
NC_064044.1_12767396_12767645_neg_384	-0.0142885	-1	1
NC_064035.1_2136638_2136886_neg_385	0.56155	-1	1
NC_064037.1_1896041_1896290_neg_386	-0.0975935	-1	4
NC_064038.1_14999632_14999881_neg_387	-0.017144	-1	2
NC_064048.1_7044031_7044279_neg_388	-0.312377	-1	4
NC_064039.1_3627596_3627845_neg_389	-0.0996279	-1	2
NC_064048.1_10644128_10644377_neg_390	0.124447	-1	3
NC_064048.1_10533398_10533647_neg_391	-0.528502	-1	1
NC_064046.1_6734526_6734774_neg_392	-0.226556	-1	1
NC_064039.1_4570207_4570455_neg_393	-0.618629	-1	2
NC_064045.1_5257385_5257634_neg_394	-0.042696	-1	5
NC_064044.1_13637198_13637447_neg_395	-0.0617232	-1	5
NC_064035.1_13620223_13620472_neg_396	-0.189686	-1	3
NC_064036.1_14031930_14032179_neg_397	-0.47475	-1	5
NC_064037.1_5749170_5749419_neg_398	0.0635895	-1	2
NC_064035.1_4821507_4821755_neg_399	0.0880123	-1	5
NC_064042.1_12759868_12760117_neg_400	-0.342464	-1	4
NC_064035.1_5513655_5513904_neg_401	-0.0142276	-1	3
NC_064046.1_15586421_15586670_neg_402	-0.873711	-1	5
NC_064043.1_14127871_14128120_neg_403	-0.0922954	-1	4
NC_064040.1_8023708_8023957_neg_404	0.147653	-1	3
NC_064035.1_9747325_9747574_neg_405	0.854635	-1	4
NC_064036.1_8078476_8078724_neg_406	0.188543	-1	1
NC_064048.1_7628241_7628490_neg_407	0.179976	-1	1
NC_064044.1_5755041_5755289_neg_408	-0.35872	-1	1
NC_064035.1_1415660_1415909_neg_409	0.105512	-1	2
NC_064045.1_5940850_5941099_neg_410	-0.527976	-1	1
NC_064042.1_7274537_7274786_neg_411	0.104246	-1	1
NC_064048.1_11096318_11096567_neg_412	-0.773281	-1	4
NC_064043.1_16545402_16545651_neg_413	0.0236965	-1	4
NC_064042.1_8473714_8473963_neg_414	-0.559448	-1	2
NC_064043.1_4465442_4465691_neg_415	-0.355623	-1	3
NC_064044.1_14457335_14457584_neg_416	-0.407092	-1	3
NC_064038.1_12406995_12407244_neg_417	0.0560114	-1	4
NC_064041.1_12592272_12592521_neg_418	0.181424	-1	1
NC_064038.1_4915964_4916213_neg_419	-0.0978465	-1	2
NC_064037.1_10494685_10494933_neg_420	-0.284547	-1	5
NC_064035.1_1663699_1663947_neg_421	-0.0606019	-1	3
NC_064043.1_2862140_2862389_neg_422	-0.022114	-1	4
NC_064044.1_4601544_4601793_neg_423	0.0980703	-1	5
NC_064042.1_10833128_10833377_neg_424	0.0410416	-1	4
NC_064046.1_6727048_6727297_neg_425	-0.0686168	-1	4
NC_064046.1_14682711_14682959_neg_426	-0.536538	-1	3
NC_064035.1_12184276_12184525_neg_427	-0.306274	-1	3
NC_064039.1_1915417_1915666_neg_428	-0.237873	-1	4
NC_064043.1_3427446_3427694_neg_429	-0.27605	-1	2
NC_064044.1_1312941_1313190_neg_430	-0.737069	-1	4
NC_064035.1_13620060_13620309_neg_431	-0.0892858	-1	3
NC_064048.1_13594316_13594565_neg_432	-0.716578	-1	3
NC_064044.1_13800295_13800544_neg_433	0.0851177	-1	4
NC_064035.1_12222080_12222328_neg_434	-0.329348	-1	5
NC_064046.1_10586694_10586942_neg_435	0.242246	-1	3
NC_064045.1_2414892_2415140_neg_436	-0.422916	-1	2
NC_064037.1_3973819_3974068_neg_437	-0.0858908	-1	3
NC_064039.1_16737775_16738024_neg_438	-0.356731	-1	4
NC_064041.1_11073539_11073788_neg_439	0.202322	-1	2
NC_064035.1_17668229_17668478_neg_440	-0.151997	-1	1
NC_064034.1_13847423_13847671_neg_441	-0.123801	-1	5
NC_064038.1_12388818_12389066_neg_442	-0.948099	-1	4
NC_064040.1_4702497_4702746_neg_443	0.062797	-1	2
NC_064038.1_1642212_1642460_neg_444	-0.402506	-1	4
NC_064034.1_5226982_5227230_neg_445	-0.0385055	-1	3
NC_064034.1_9657511_9657760_neg_446	-0.122703	-1	1
NC_064036.1_6454226_6454474_neg_447	-0.574622	-1	4
NC_064045.1_1665873_1666122_neg_448	-0.068212	-1	4
NC_064038.1_15101688_15101936_neg_449	0.166284	-1	5
NC_064046.1_8690765_8691013_neg_450	-0.00511461	-1	2
NC_064041.1_7269300_7269549_neg_451	-0.769954	-1	3
NC_064037.1_5674013_5674262_neg_452	-0.102857	-1	2
NC_064036.1_16475820_16476069_neg_453	-0.274686	-1	5
NC_064048.1_1988484_1988733_neg_454	-1.01566	-1	4
NC_064045.1_11943279_11943527_neg_455	-0.322255	-1	2
NC_064046.1_10779828_10780077_neg_456	-0.315575	-1	1
NC_064036.1_9025426_9025675_neg_457	-0.198743	-1	3
NC_064045.1_7807099_7807348_neg_458	-0.0991551	-1	4
NC_064036.1_12250609_12250857_neg_459	0.108692	-1	2
NC_064034.1_7243557_7243806_neg_460	-0.00376796	-1	3
NC_064034.1_4909180_4909428_neg_461	0.412673	-1	5
NC_064044.1_2664224_2664473_neg_462	-0.172478	-1	5
NC_064038.1_11340542_11340790_neg_463	0.129192	-1	5
NC_064034.1_16394878_16395126_neg_464	-0.305793	-1	3
NC_064046.1_10739074_10739323_neg_465	-0.314973	-1	1
NC_064038.1_12756774_12757023_neg_466	-0.0904879	-1	1
NC_064048.1_9091021_9091270_neg_467	-0.34379	-1	4
NC_064036.1_16389622_16389871_neg_468	0.00842768	-1	2
NC_064037.1_4793348_4793597_neg_469	-0.10713	-1	4
NC_064040.1_10270427_10270675_neg_470	-0.214854	-1	5
NC_064038.1_9246665_9246914_neg_471	-0.225533	-1	3
NC_064037.1_1634678_1634927_neg_472	0.178562	-1	3
NC_064042.1_2476893_2477142_neg_473	0.0630857	-1	1
NC_064040.1_4274237_4274485_neg_474	0.0227838	-1	2
NC_064040.1_9620727_9620976_neg_475	-0.31157	-1	5
NC_064040.1_2156878_2157127_neg_476	0.0172128	-1	5
NC_064046.1_12120074_12120322_neg_477	0.13487	-1	5
NC_064035.1_9892088_9892337_neg_478	-0.137762	-1	4
NC_064042.1_17113275_17113524_neg_479	-0.0958753	-1	3
NC_064039.1_8773705_8773953_neg_480	-0.0483799	-1	5
NC_064044.1_7747425_7747673_neg_481	-0.108282	-1	4
NC_064035.1_94123_94372_neg_482	-0.057644	-1	1
NC_064037.1_4392236_4392485_neg_483	-0.265631	-1	1
NC_064047.1_14547210_14547459_neg_484	-0.145322	-1	4
NC_064046.1_4880563_4880811_neg_485	-0.212534	-1	4
NC_064047.1_5067711_5067960_neg_486	-0.234432	-1	3
NC_064040.1_5031983_5032232_neg_487	-0.122165	-1	3
NC_064047.1_1325230_1325478_neg_488	0.0529759	-1	2
NC_064034.1_13666156_13666404_neg_489	-0.381618	-1	4
NC_064042.1_16712603_16712852_neg_490	-0.0651305	-1	2
NC_064042.1_15045604_15045852_neg_491	-0.172509	-1	2
NC_064046.1_11597422_11597671_neg_492	-0.0947459	-1	2
NC_064035.1_21119763_21120011_neg_493	0.00581019	-1	3
NC_064039.1_16108365_16108614_neg_494	-0.591152	-1	4
NC_064046.1_14269364_14269613_neg_495	0.248803	-1	4
NC_064041.1_9711110_9711359_neg_496	0.0554222	-1	4
NC_064047.1_11397579_11397827_neg_497	-0.431444	-1	4
NC_064036.1_18862714_18862963_neg_498	-0.387171	-1	5
NC_064034.1_13346882_13347130_neg_499	-0.094974	-1	3
NC_064045.1_11654199_11654447_neg_500	-0.503205	-1	1
NC_064035.1_1019978_1020227_neg_501	-0.935201	-1	1
NC_064035.1_1742580_1742829_neg_502	-0.210842	-1	3
NC_064040.1_10735907_10736155_neg_503	0.209819	-1	5
NC_064037.1_2877101_2877350_neg_504	-0.092328	-1	1
NC_064035.1_16968283_16968532_neg_505	0.040267	-1	1
NC_064035.1_12692281_12692530_neg_506	0.116979	-1	4
NC_064042.1_5200598_5200846_neg_507	-0.0584471	-1	4
NC_064047.1_4154807_4155055_neg_508	0.109621	-1	2
NC_064048.1_7799790_7800038_neg_509	-0.492387	-1	2
NC_064042.1_12074016_12074265_neg_510	-0.130399	-1	3
NC_064043.1_15751875_15752124_neg_511	-0.631662	-1	2
NC_064042.1_9026003_9026252_neg_512	0.1612	-1	1
NC_064042.1_9206273_9206522_neg_513	-0.379006	-1	4
NC_064037.1_2008521_2008769_neg_514	-0.245059	-1	3
NC_064038.1_17017621_17017870_neg_515	-0.310674	-1	5
NC_064042.1_7464420_7464669_neg_516	0.0660582	-1	1
NC_064036.1_6405570_6405818_neg_517	0.127212	-1	2
NC_064035.1_4110993_4111242_neg_518	-0.138041	-1	1
NC_064037.1_1653251_1653500_neg_519	-0.206844	-1	3
NC_064045.1_400627_400876_neg_520	-0.235475	-1	3
NC_064047.1_12591698_12591947_neg_521	-0.276211	-1	3
NC_064047.1_11469715_11469964_neg_522	0.0513022	-1	1
NC_064035.1_10749205_10749454_neg_523	0.0108492	-1	5
NC_064044.1_11510431_11510680_neg_524	0.0246888	-1	3
NC_064042.1_11720057_11720306_neg_525	0.250812	-1	4
NC_064042.1_5614101_5614350_neg_526	-0.181882	-1	5
NC_064034.1_4356554_4356803_neg_527	-0.219956	-1	2
NC_064036.1_14964639_14964888_neg_528	-0.0884252	-1	4
NC_064034.1_14490288_14490537_neg_529	0.0957532	-1	3
NC_064038.1_14305883_14306132_neg_530	-0.463132	-1	1
NC_064043.1_4377087_4377336_neg_531	-0.104036	-1	3
NC_064038.1_12933918_12934166_neg_532	0.123072	-1	5
NC_064048.1_8819283_8819531_neg_533	0.370679	-1	3
NC_064039.1_11539156_11539404_neg_534	-0.409404	-1	4
NC_064034.1_15205349_15205597_neg_535	-0.156365	-1	3
NC_064040.1_16221075_16221324_neg_536	0.143847	-1	1
NC_064039.1_15749555_15749804_neg_537	-0.413835	-1	5
NC_064038.1_18676804_18677053_neg_538	0.0612043	-1	4
NC_064034.1_18582979_18583227_neg_539	-0.0427059	-1	5
NC_064037.1_8643959_8644208_neg_540	0.0355586	-1	5
NC_064039.1_5097133_5097382_neg_541	-0.206333	-1	1
NC_064037.1_8390951_8391199_neg_542	-0.281002	-1	2
NC_064042.1_5892282_5892530_neg_543	0.299648	-1	4
NC_064040.1_10062545_10062793_neg_544	0.158272	-1	4
NC_064036.1_5103415_5103664_neg_545	-0.314996	-1	1
NC_064042.1_866669_866918_neg_546	0.21545	-1	4
NC_064035.1_8166684_8166933_neg_547	-0.141668	-1	4
NC_064044.1_13044767_13045016_neg_548	-0.270127	-1	3
NC_064040.1_10789274_10789523_neg_549	-0.147934	-1	3
NC_064038.1_11561515_11561764_neg_550	-0.369963	-1	3
NC_064047.1_6280771_6281020_neg_551	-0.054623	-1	3
NC_064036.1_15228404_15228652_neg_552	-0.0571114	-1	4
NC_064042.1_11550091_11550340_neg_553	-0.187079	-1	2
NC_064036.1_4199890_4200138_neg_554	0.0108426	-1	3
NC_064039.1_3749544_3749793_neg_555	-0.639402	-1	2
NC_064044.1_970291_970540_neg_556	-0.0790543	-1	3
NC_064047.1_2299123_2299372_neg_557	-0.0581377	-1	1
NC_064046.1_9399154_9399403_neg_558	0.0194756	-1	5
NC_064035.1_10673341_10673590_neg_559	-0.257173	-1	2
NC_064047.1_1406429_1406678_neg_560	-0.57421	-1	5
NC_064048.1_7313565_7313814_neg_561	-0.430616	-1	1
NC_064046.1_2299548_2299796_neg_562	-0.207884	-1	3
NC_064041.1_877491_877739_neg_563	0.0507207	-1	5
NC_064039.1_9588373_9588622_neg_564	-0.219231	-1	4
NC_064042.1_5869621_5869869_neg_565	-0.13685	-1	3
NC_064047.1_13671752_13672001_neg_566	0.0861072	-1	3
NC_064035.1_19113404_19113653_neg_567	-0.359623	-1	1
NC_064034.1_12789614_12789863_neg_568	0.138357	-1	2
NC_064035.1_1214616_1214865_neg_569	0.00841815	-1	5
NC_064047.1_6295170_6295419_neg_570	-0.0202304	-1	2
NC_064036.1_13517791_13518040_neg_571	-0.125814	-1	4
NC_064038.1_852927_853176_neg_572	-0.900313	-1	3
NC_064040.1_4696395_4696644_neg_573	0.735433	-1	1
NC_064046.1_6841816_6842064_neg_574	-0.168522	-1	1
NC_064035.1_8811576_8811825_neg_575	-0.0550114	-1	4
NC_064046.1_15132848_15133097_neg_576	-0.809318	-1	4
NC_064044.1_5761683_5761931_neg_577	-0.192405	-1	4
NC_064047.1_1890966_1891215_neg_578	-0.351944	-1	3
NC_064046.1_14751642_14751890_neg_579	-0.595401	-1	5
NC_064042.1_10380443_10380692_neg_580	-1.0512	-1	5
NC_064038.1_1586247_1586496_neg_581	-0.0362705	-1	4
NC_064047.1_7033717_7033966_neg_582	0.488938	-1	5
NC_064041.1_5433223_5433472_neg_583	0.171582	-1	2
NC_064045.1_1358700_1358949_neg_584	-0.221308	-1	3
NC_064035.1_764176_764425_neg_585	-0.958759	-1	4
NC_064034.1_7508587_7508836_neg_586	-0.232438	-1	5
NC_064047.1_1264828_1265076_neg_587	-0.166833	-1	4
NC_064041.1_8712822_8713070_neg_588	0.0850357	-1	3
NC_064038.1_679021_679270_neg_589	-0.763556	-1	1
NC_064048.1_13254728_13254977_neg_590	-1.15777	-1	2
NC_064034.1_3997810_3998059_neg_591	0.0683493	-1	1
NC_064035.1_13700318_13700567_neg_592	0.163495	-1	1
NC_064048.1_13144665_13144914_neg_593	-0.994691	-1	1
NC_064035.1_3994865_3995114_neg_594	0.450368	-1	2
NC_064035.1_8225644_8225893_neg_595	-0.25774	-1	4
NC_064038.1_15655037_15655286_neg_596	-0.0401374	-1	4
NC_064040.1_1064796_1065044_neg_597	-0.345008	-1	4
NC_064043.1_13147127_13147376_neg_598	-0.0666808	-1	2
NC_064035.1_21870611_21870860_neg_599	-0.0564839	-1	5
NC_064040.1_15581375_15581623_neg_600	-0.100153	-1	1
NC_064040.1_7855850_7856099_neg_601	0.0580195	-1	5
NC_064038.1_1312422_1312671_neg_602	-0.200844	-1	2
NC_064038.1_18073083_18073332_neg_603	-0.0460821	-1	2
NC_064043.1_12323475_12323724_neg_604	-0.046298	-1	5
NC_064040.1_9366959_9367208_neg_605	0.945747	-1	1
NC_064048.1_13630484_13630733_neg_606	-0.817632	-1	5
NC_064034.1_8809730_8809979_neg_607	0.117842	-1	2
NC_064036.1_1061002_1061251_neg_608	-0.251501	-1	1
NC_064045.1_1689206_1689455_neg_609	-0.565916	-1	5
NC_064041.1_2131360_2131609_neg_610	0.0366393	-1	5
NC_064037.1_18371369_18371618_neg_611	0.200754	-1	1
NC_064044.1_5764758_5765006_neg_612	-0.264979	-1	2
NC_064040.1_11708349_11708598_neg_613	0.0654594	-1	2
NC_064042.1_2579471_2579719_neg_614	0.255262	-1	2
NC_064043.1_16035421_16035669_neg_615	-0.745091	-1	5
NC_064039.1_91827_92075_neg_616	0.104407	-1	2
NC_064035.1_2665912_2666161_neg_617	0.143626	-1	5
NC_064043.1_6310976_6311225_neg_618	0.0913541	-1	3
NC_064044.1_7580653_7580901_neg_619	-0.234671	-1	4
NC_064037.1_986909_987158_neg_620	-0.376871	-1	1
NC_064039.1_2102312_2102560_neg_621	0.368575	-1	1
NC_064040.1_465577_465826_neg_622	-0.963276	-1	4
NC_064045.1_10052325_10052574_neg_623	-0.0191863	-1	3
NC_064036.1_651375_651624_neg_624	-0.0112206	-1	1
NC_064043.1_10432635_10432884_neg_625	0.141069	-1	3
NC_064041.1_12567212_12567461_neg_626	-0.222939	-1	1
NC_064034.1_4902535_4902783_neg_627	0.100328	-1	5
NC_064043.1_7360142_7360390_neg_628	0.214768	-1	5
NC_064035.1_957309_957558_neg_629	-0.0373459	-1	4
NC_064035.1_11090060_11090309_neg_630	-0.531967	-1	4
NC_064041.1_16001318_16001567_neg_631	-0.186429	-1	5
NC_064039.1_8356706_8356955_neg_632	-0.0620675	-1	5
NC_064043.1_5874207_5874455_neg_633	-0.977298	-1	2
NC_064047.1_2859388_2859637_neg_634	-0.201963	-1	1
NC_064048.1_227226_227475_neg_635	0.196299	-1	1
NC_064034.1_12486336_12486585_neg_636	0.173493	-1	4
NC_064041.1_1564090_1564339_neg_637	-0.213424	-1	2
NC_064041.1_9489906_9490154_neg_638	-0.128503	-1	3
NC_064039.1_3166878_3167127_neg_639	0.10554	-1	3
NC_064045.1_13451512_13451760_neg_640	0.221144	-1	5
NC_064043.1_12730365_12730613_neg_641	-0.0163535	-1	1
NC_064040.1_12687693_12687942_neg_642	-0.0142414	-1	1
NC_064041.1_2048069_2048317_neg_643	-0.401192	-1	1
NC_064048.1_8413819_8414068_neg_644	0.166964	-1	3
NC_064038.1_8064758_8065006_neg_645	0.223414	-1	5
NC_064038.1_16276991_16277239_neg_646	-0.653717	-1	3
NC_064042.1_6564173_6564421_neg_647	-0.242515	-1	4
NC_064034.1_21286919_21287168_neg_648	-0.398216	-1	1
NC_064041.1_357372_357621_neg_649	-0.229267	-1	1
NC_064038.1_12772506_12772755_neg_650	0.0329802	-1	4
NC_064037.1_4772775_4773024_neg_651	-0.3604	-1	3
NC_064037.1_1159843_1160091_neg_652	-0.266431	-1	2
NC_064043.1_2775515_2775764_neg_653	-0.239353	-1	5
NC_064035.1_6805894_6806143_neg_654	-0.0689524	-1	2
NC_064043.1_13479737_13479986_neg_655	-0.256504	-1	3
NC_064037.1_9698090_9698339_neg_656	-0.0897231	-1	5
NC_064042.1_8240746_8240995_neg_657	0.103198	-1	3
NC_064045.1_3876879_3877127_neg_658	-0.272873	-1	2
NC_064040.1_1390598_1390847_neg_659	-0.130953	-1	1
NC_064039.1_1151952_1152200_neg_660	-0.295516	-1	3
NC_064039.1_6965238_6965487_neg_661	-0.156724	-1	2
NC_064041.1_6478342_6478591_neg_662	0.132864	-1	3
NC_064037.1_8292093_8292342_neg_663	0.306725	-1	4
NC_064040.1_16236204_16236452_neg_664	0.212686	-1	4
NC_064047.1_13036556_13036805_neg_665	-0.264999	-1	5
NC_064044.1_5728717_5728965_neg_666	0.300403	-1	1
NC_064041.1_6801148_6801397_neg_667	0.0339138	-1	5
NC_064040.1_16525282_16525531_neg_668	0.0739387	-1	3
NC_064034.1_19444833_19445082_neg_669	0.0750655	-1	1
NC_064036.1_6080668_6080916_neg_670	-0.412772	-1	4
NC_064040.1_8763136_8763384_neg_671	0.021077	-1	3
NC_064041.1_12643091_12643340_neg_672	-0.65424	-1	2
NC_064047.1_13983579_13983828_neg_673	0.128623	-1	5
NC_064046.1_7697823_7698071_neg_674	-0.154997	-1	4
NC_064043.1_4342167_4342416_neg_675	-1.01001	-1	2
NC_064040.1_13001728_13001976_neg_676	-0.169234	-1	1
NC_064047.1_8371410_8371659_neg_677	-0.242064	-1	5
NC_064043.1_5018626_5018874_neg_678	0.0283776	-1	1
NC_064046.1_3365484_3365732_neg_679	0.202337	-1	1
NC_064037.1_6976061_6976309_neg_680	0.0975139	-1	2
NC_064036.1_7560886_7561135_neg_681	-0.515963	-1	3
NC_064041.1_12117956_12118205_neg_682	0.129136	-1	2
NC_064040.1_925823_926071_neg_683	-0.958998	-1	3
NC_064035.1_2970762_2971011_neg_684	-0.443182	-1	2
NC_064038.1_16140720_16140969_neg_685	-0.300352	-1	5
NC_064037.1_3812499_3812748_neg_686	-0.696887	-1	2
NC_064035.1_19316861_19317109_neg_687	0.193558	-1	3
NC_064046.1_12636166_12636415_neg_688	0.413814	-1	5
NC_064042.1_1694494_1694742_neg_689	0.0847032	-1	4
NC_064037.1_7214626_7214875_neg_690	-0.0694787	-1	4
NC_064045.1_6873476_6873725_neg_691	-0.233394	-1	1
NC_064043.1_15778126_15778374_neg_692	-0.180845	-1	3
NC_064039.1_17679174_17679423_neg_693	-0.250724	-1	1
NC_064042.1_2548548_2548797_neg_694	-0.0405957	-1	5
NC_064036.1_3750098_3750347_neg_695	-0.0113879	-1	1
NC_064042.1_10702828_10703076_neg_696	0.0580219	-1	3
NC_064041.1_7256974_7257222_neg_697	0.0104031	-1	1
NC_064041.1_7486682_7486930_neg_698	-0.178159	-1	4
NC_064036.1_5516312_5516561_neg_699	-0.367088	-1	5
NC_064043.1_4495174_4495423_neg_700	-0.305698	-1	4
