NC_064034.1_10481584_10481833_pos_1	0.143861	1	1
NC_064034.1_10158910_10159159_pos_2	0.340604	1	1
NC_064034.1_5426867_5427116_pos_3	0.175307	1	3
NC_064034.1_5428861_5429110_pos_4	0.444719	1	3
NC_064034.1_3590535_3590784_pos_5	-0.0413099	1	2
NC_064034.1_10471330_10471579_pos_6	-0.0143473	1	3
NC_064034.1_13543926_13544175_pos_7	0.216339	1	5
NC_064034.1_2403080_2403329_pos_8	0.195842	1	4
NC_064034.1_15457870_15458119_pos_9	0.191615	1	4
NC_064034.1_21760075_21760324_pos_10	0.396333	1	2
NC_064034.1_5450137_5450386_pos_11	0.25555	1	2
NC_064034.1_7879710_7879959_pos_12	0.208251	1	1
NC_064034.1_11764061_11764310_pos_13	0.00160372	1	5
NC_064034.1_10475375_10475624_pos_14	0.575373	1	4
NC_064034.1_11345640_11345889_pos_15	0.328736	1	2
NC_064034.1_13069926_13070175_pos_16	0.135214	1	4
NC_064035.1_1137652_1137901_pos_17	0.096564	1	1
NC_064034.1_11393286_11393535_pos_18	0.108638	1	5
NC_064034.1_10137987_10138235_pos_19	0.227172	1	1
NC_064034.1_11514982_11515231_pos_20	-0.13577	1	2
NC_064034.1_4065252_4065501_pos_21	0.462227	1	2
NC_064034.1_13541168_13541417_pos_22	0.267652	1	1
NC_064034.1_2152576_2152825_pos_23	0.16094	1	1
NC_064034.1_4588474_4588723_pos_24	0.431963	1	3
NC_064034.1_6190434_6190683_pos_25	0.346411	1	4
NC_064034.1_6596082_6596331_pos_26	0.289788	1	4
NC_064034.1_8659462_8659711_pos_27	0.126255	1	5
NC_064034.1_9863855_9864104_pos_28	0.0956644	1	1
NC_064034.1_12333433_12333682_pos_29	-0.000727604	1	3
NC_064034.1_16858504_16858753_pos_30	-0.00842757	1	4
NC_064034.1_16863295_16863544_pos_31	0.281527	1	3
NC_064034.1_5704301_5704550_pos_32	0.364646	1	3
NC_064034.1_10137827_10138076_pos_33	0.208399	1	5
NC_064034.1_12743592_12743841_pos_34	0.272728	1	3
NC_064034.1_10159601_10159850_pos_35	0.0818408	1	4
NC_064034.1_13179538_13179787_pos_36	0.14184	1	4
NC_064034.1_10484095_10484344_pos_37	0.238103	1	1
NC_064034.1_6378582_6378831_pos_38	-0.0692968	1	2
NC_064034.1_6597149_6597398_pos_39	0.15176	1	1
NC_064034.1_1538615_1538864_pos_40	0.439412	1	4
NC_064034.1_1609923_1610172_pos_41	0.140605	1	1
NC_064034.1_5011827_5012076_pos_42	0.171631	1	2
NC_064034.1_5038290_5038539_pos_43	0.0496238	1	5
NC_064034.1_9261926_9262175_pos_44	-0.130982	1	3
NC_064034.1_9290732_9290981_pos_45	0.268114	1	4
NC_064034.1_10171980_10172229_pos_46	-0.0892009	1	4
NC_064034.1_10483233_10483482_pos_47	0.103384	1	1
NC_064034.1_12397456_12397705_pos_48	0.229927	1	4
NC_064034.1_13550052_13550300_pos_49	-0.0845205	1	4
NC_064034.1_14974198_14974447_pos_50	0.0164844	1	2
NC_064034.1_6329831_6330080_pos_51	0.139793	1	3
NC_064034.1_3591894_3592143_pos_52	0.155128	1	5
NC_064034.1_1063819_1064068_pos_53	0.167866	1	2
NC_064034.1_3127710_3127959_pos_54	0.148619	1	3
NC_064034.1_7940603_7940852_pos_55	0.0729069	1	3
NC_064034.1_1588413_1588662_pos_56	0.330515	1	1
NC_064034.1_2219551_2219800_pos_57	0.129171	1	3
NC_064034.1_2968771_2969020_pos_58	0.2036	1	5
NC_064034.1_4563773_4564022_pos_59	-0.0159493	1	4
NC_064034.1_5007946_5008195_pos_60	0.0485699	1	1
NC_064034.1_5104847_5105096_pos_61	0.0783614	1	3
NC_064034.1_5271670_5271919_pos_62	0.517371	1	5
NC_064034.1_6538575_6538824_pos_63	0.0838978	1	4
NC_064034.1_9864209_9864458_pos_64	0.0936627	1	1
NC_064034.1_10611383_10611632_pos_65	-0.108211	1	2
NC_064034.1_11248495_11248744_pos_66	0.0150955	1	5
NC_064034.1_11650197_11650446_pos_67	0.00846002	1	1
NC_064034.1_11975453_11975702_pos_68	-0.173984	1	2
NC_064034.1_12474403_12474652_pos_69	0.176107	1	1
NC_064034.1_12743764_12744012_pos_70	-0.16996	1	5
NC_064034.1_15801578_15801827_pos_71	0.104096	1	4
NC_064035.1_1455797_1456046_pos_72	0.344717	1	1
NC_064034.1_5385452_5385701_pos_73	0.321497	1	4
NC_064034.1_7926595_7926844_pos_74	0.441677	1	2
NC_064034.1_10618374_10618623_pos_75	-0.0124691	1	2
NC_064034.1_2697363_2697612_pos_76	0.292136	1	3
NC_064034.1_2014545_2014794_pos_77	0.301975	1	5
NC_064034.1_9690720_9690969_pos_78	0.13026	1	2
NC_064034.1_15943781_15944030_pos_79	0.365398	1	5
NC_064034.1_4564911_4565160_pos_80	0.146108	1	1
NC_064034.1_10468097_10468346_pos_81	0.129905	1	2
NC_064035.1_1076003_1076252_pos_82	0.150907	1	2
NC_064034.1_6219336_6219585_pos_83	-0.226025	1	4
NC_064034.1_1924859_1925108_pos_84	0.406688	1	2
NC_064034.1_2153908_2154156_pos_85	0.294109	1	1
NC_064034.1_3168878_3169127_pos_86	-0.301046	1	4
NC_064034.1_3500690_3500939_pos_87	0.153729	1	1
NC_064034.1_4392694_4392943_pos_88	0.156991	1	1
NC_064034.1_4588997_4589246_pos_89	0.23695	1	2
NC_064034.1_5133684_5133933_pos_90	-0.19042	1	2
NC_064034.1_6190181_6190430_pos_91	0.511747	1	2
NC_064034.1_6596556_6596804_pos_92	-0.0400715	1	2
NC_064034.1_8630898_8631147_pos_93	0.103615	1	1
NC_064034.1_9133772_9134021_pos_94	0.112088	1	1
NC_064034.1_10161270_10161519_pos_95	0.399694	1	2
NC_064034.1_10474475_10474724_pos_96	0.0875192	1	2
NC_064034.1_10588703_10588952_pos_97	-0.118987	1	3
NC_064034.1_11349257_11349506_pos_98	0.0339439	1	5
NC_064034.1_11394581_11394830_pos_99	0.274005	1	3
NC_064034.1_11545636_11545885_pos_100	0.386329	1	4
NC_064034.1_11660042_11660291_pos_101	-0.286541	1	2
NC_064035.1_1137186_1137435_pos_102	0.00920774	1	4
NC_064035.1_1631879_1632128_pos_103	0.165592	1	3
NC_064034.1_13054872_13055121_pos_104	0.0986893	1	1
NC_064034.1_4316893_4317142_pos_105	0.137913	1	2
NC_064034.1_8110693_8110941_pos_106	-0.175599	1	3
NC_064034.1_16507144_16507393_pos_107	0.231498	1	4
NC_064034.1_4138751_4139000_pos_108	-0.0268636	1	5
NC_064034.1_13504704_13504953_pos_109	0.0235632	1	5
NC_064034.1_16089185_16089434_pos_110	0.527986	1	2
NC_064034.1_5171984_5172233_pos_111	0.508092	1	1
NC_064034.1_12895398_12895647_pos_112	0.303968	1	5
NC_064034.1_21774695_21774944_pos_113	0.337555	1	1
NC_064034.1_4720518_4720767_pos_114	0.281621	1	1
NC_064034.1_21808874_21809123_pos_115	0.0181334	1	5
NC_064034.1_10942976_10943225_pos_116	0.302088	1	1
NC_064034.1_11270545_11270794_pos_117	0.287288	1	3
NC_064034.1_5545858_5546107_pos_118	-0.063475	1	2
NC_064034.1_945415_945664_pos_119	-0.0540577	1	5
NC_064034.1_1041550_1041799_pos_120	-0.282173	1	1
NC_064034.1_1066303_1066552_pos_121	0.014059	1	2
NC_064034.1_1304033_1304282_pos_122	0.417089	1	5
NC_064034.1_1517950_1518198_pos_123	0.401615	1	4
NC_064034.1_1610440_1610689_pos_124	-0.0732339	1	2
NC_064034.1_1669912_1670161_pos_125	-0.0236566	1	1
NC_064034.1_2689809_2690057_pos_126	0.600762	1	4
NC_064034.1_3577277_3577526_pos_127	0.270818	1	4
NC_064034.1_4576999_4577248_pos_128	-0.362323	1	5
NC_064034.1_4584283_4584532_pos_129	0.291631	1	5
NC_064034.1_4705180_4705429_pos_130	0.0859042	1	2
NC_064034.1_4825375_4825623_pos_131	0.2892	1	3
NC_064034.1_4832629_4832877_pos_132	-0.2171	1	4
NC_064034.1_5098160_5098409_pos_133	0.183498	1	4
NC_064034.1_5695121_5695370_pos_134	0.0704644	1	1
NC_064034.1_5695507_5695756_pos_135	0.347898	1	1
NC_064034.1_5778787_5779036_pos_136	0.267478	1	2
NC_064034.1_5861133_5861382_pos_137	0.14415	1	5
NC_064034.1_6564666_6564915_pos_138	0.0516402	1	2
NC_064034.1_6788501_6788750_pos_139	0.0310294	1	5
NC_064034.1_6829117_6829366_pos_140	0.222773	1	5
NC_064034.1_7432436_7432685_pos_141	-0.338954	1	2
NC_064034.1_7556203_7556452_pos_142	0.103179	1	3
NC_064034.1_8832623_8832872_pos_143	-0.256916	1	2
NC_064034.1_9392348_9392597_pos_144	0.425769	1	1
NC_064034.1_10138386_10138635_pos_145	0.0272729	1	2
NC_064034.1_10242954_10243202_pos_146	0.0425705	1	1
NC_064034.1_10510135_10510384_pos_147	0.0845905	1	1
NC_064034.1_11435006_11435255_pos_148	0.357685	1	4
NC_064034.1_11513254_11513502_pos_149	-0.253297	1	5
NC_064034.1_11650041_11650289_pos_150	0.138375	1	5
NC_064034.1_11766452_11766701_pos_151	-0.0367855	1	1
NC_064034.1_12307645_12307894_pos_152	0.252401	1	5
NC_064034.1_13558321_13558570_pos_153	0.000621439	1	3
NC_064034.1_13559058_13559307_pos_154	0.142899	1	4
NC_064034.1_15691452_15691700_pos_155	0.37256	1	5
NC_064034.1_15884739_15884988_pos_156	-0.0734644	1	2
NC_064034.1_16236041_16236290_pos_157	0.111937	1	5
NC_064034.1_16487709_16487957_pos_158	0.250129	1	3
NC_064034.1_16495194_16495443_pos_159	0.247273	1	1
NC_064034.1_16862063_16862312_pos_160	0.0140623	1	2
NC_064035.1_848815_849063_pos_161	-0.126904	1	2
NC_064035.1_899226_899475_pos_162	0.0964257	1	3
NC_064035.1_1074327_1074576_pos_163	-0.230849	1	5
NC_064035.1_1113737_1113986_pos_164	-0.137236	1	2
NC_064035.1_1293885_1294133_pos_165	-0.512699	1	2
NC_064035.1_1887471_1887720_pos_166	0.189191	1	1
NC_064034.1_4713370_4713619_pos_167	0.276211	1	3
NC_064034.1_4169957_4170206_pos_168	0.24929	1	1
NC_064034.1_13020842_13021091_pos_169	0.388994	1	2
NC_064034.1_2658492_2658741_pos_170	0.352795	1	5
NC_064034.1_2409297_2409546_pos_171	0.126936	1	5
NC_064035.1_1045227_1045475_pos_172	-0.154519	1	3
NC_064034.1_11614808_11615057_pos_173	-0.150157	1	2
NC_064034.1_11651664_11651913_pos_174	0.287751	1	4
NC_064034.1_7062731_7062980_pos_175	0.443396	1	3
NC_064034.1_10193544_10193793_pos_176	0.0643993	1	4
NC_064034.1_10569335_10569584_pos_177	0.323279	1	4
NC_064034.1_12837892_12838141_pos_178	0.634021	1	4
NC_064034.1_13440264_13440513_pos_179	0.0879502	1	1
NC_064034.1_14822557_14822805_pos_180	0.0468131	1	5
NC_064034.1_15706014_15706263_pos_181	0.0284376	1	5
NC_064034.1_15961835_15962084_pos_182	0.278446	1	2
NC_064034.1_3166114_3166363_pos_183	-0.0603233	1	2
NC_064034.1_15461675_15461924_pos_184	0.319043	1	1
NC_064034.1_2148748_2148997_pos_185	0.205437	1	4
NC_064034.1_9257658_9257907_pos_186	0.0754614	1	1
NC_064034.1_10473064_10473313_pos_187	0.105157	1	5
NC_064034.1_8638172_8638421_pos_188	0.0886068	1	2
NC_064034.1_16718409_16718658_pos_189	0.365613	1	5
NC_064034.1_2365761_2366010_pos_190	0.575925	1	5
NC_064034.1_9659083_9659332_pos_191	0.150584	1	1
NC_064034.1_4206396_4206645_pos_192	0.172501	1	1
NC_064034.1_5173357_5173605_pos_193	-0.188832	1	3
NC_064034.1_6546274_6546523_pos_194	-0.130138	1	4
NC_064034.1_8217132_8217381_pos_195	0.435552	1	4
NC_064034.1_13438751_13439000_pos_196	0.919538	1	5
NC_064034.1_2637005_2637254_pos_197	0.268414	1	1
NC_064034.1_2168493_2168742_pos_198	-0.0914953	1	3
NC_064034.1_831564_831813_pos_199	0.224499	1	5
NC_064034.1_960264_960512_pos_200	0.549891	1	4
NC_064034.1_1047645_1047894_pos_201	0.068694	1	3
NC_064034.1_1066907_1067156_pos_202	0.231156	1	1
NC_064034.1_1240893_1241141_pos_203	0.165277	1	5
NC_064034.1_1338120_1338368_pos_204	0.218704	1	4
NC_064034.1_1370441_1370690_pos_205	-0.162948	1	2
NC_064034.1_1409013_1409262_pos_206	-0.0114656	1	5
NC_064034.1_1445843_1446091_pos_207	0.370703	1	1
NC_064034.1_1873910_1874159_pos_208	0.21245	1	4
NC_064034.1_1917787_1918036_pos_209	0.268304	1	3
NC_064034.1_1918826_1919075_pos_210	0.127089	1	5
NC_064034.1_2124808_2125057_pos_211	0.232685	1	2
NC_064034.1_2194119_2194368_pos_212	0.438915	1	5
NC_064034.1_2341526_2341775_pos_213	-0.331207	1	2
NC_064034.1_2495179_2495428_pos_214	0.355659	1	4
NC_064034.1_2523827_2524076_pos_215	0.457149	1	4
NC_064034.1_2548377_2548626_pos_216	-0.0659997	1	5
NC_064034.1_2592998_2593247_pos_217	0.0743342	1	5
NC_064034.1_2983720_2983968_pos_218	0.484562	1	4
NC_064034.1_3126145_3126393_pos_219	0.150557	1	2
NC_064034.1_3173041_3173289_pos_220	0.251532	1	5
NC_064034.1_3177583_3177832_pos_221	-0.0339398	1	3
NC_064034.1_3186717_3186965_pos_222	-0.129328	1	5
NC_064034.1_3350066_3350315_pos_223	0.162127	1	4
NC_064034.1_3463700_3463949_pos_224	0.0651089	1	1
NC_064034.1_3964738_3964986_pos_225	0.236797	1	4
NC_064034.1_3966598_3966846_pos_226	0.200985	1	2
NC_064034.1_3981431_3981679_pos_227	0.282036	1	3
NC_064034.1_4154887_4155135_pos_228	0.262182	1	5
NC_064034.1_4189240_4189489_pos_229	-0.180931	1	1
NC_064034.1_4294857_4295106_pos_230	0.122935	1	3
NC_064034.1_4349566_4349814_pos_231	0.516845	1	5
NC_064034.1_4388069_4388318_pos_232	0.0541033	1	2
NC_064034.1_4565754_4566003_pos_233	0.360936	1	1
NC_064034.1_4568658_4568907_pos_234	0.419031	1	5
NC_064034.1_4865203_4865452_pos_235	-0.277193	1	2
NC_064034.1_5007394_5007642_pos_236	0.0699847	1	1
NC_064034.1_5044905_5045154_pos_237	-0.00604087	1	4
NC_064034.1_5627300_5627549_pos_238	0.161767	1	5
NC_064034.1_5779708_5779957_pos_239	0.278657	1	2
NC_064034.1_5803228_5803477_pos_240	0.157928	1	1
NC_064034.1_6273317_6273565_pos_241	-0.0925668	1	2
NC_064034.1_6330813_6331062_pos_242	-0.241656	1	3
NC_064034.1_6602385_6602633_pos_243	0.396644	1	4
NC_064034.1_6618374_6618623_pos_244	0.127103	1	5
NC_064034.1_6665766_6666015_pos_245	-0.177342	1	2
NC_064034.1_6809428_6809677_pos_246	0.472893	1	5
NC_064034.1_6869068_6869316_pos_247	-0.119003	1	4
NC_064034.1_7164464_7164712_pos_248	0.0478009	1	4
NC_064034.1_7175586_7175834_pos_249	0.339468	1	4
NC_064034.1_7552307_7552556_pos_250	0.545508	1	3
NC_064034.1_7591894_7592142_pos_251	0.12315	1	5
NC_064034.1_7737892_7738141_pos_252	0.178322	1	1
NC_064034.1_7755077_7755326_pos_253	0.0670323	1	3
NC_064034.1_7768481_7768729_pos_254	-0.0148872	1	1
NC_064034.1_7890125_7890374_pos_255	0.167289	1	2
NC_064034.1_7913439_7913688_pos_256	-0.0180629	1	2
NC_064034.1_7949620_7949868_pos_257	0.249796	1	3
NC_064034.1_7959836_7960085_pos_258	0.255143	1	1
NC_064034.1_8048225_8048473_pos_259	-0.0947856	1	1
NC_064034.1_8137941_8138190_pos_260	0.231903	1	2
NC_064034.1_8670842_8671091_pos_261	0.245026	1	2
NC_064034.1_9207959_9208208_pos_262	0.316528	1	5
NC_064034.1_9215750_9215999_pos_263	0.0936509	1	2
NC_064034.1_9285164_9285412_pos_264	0.34084	1	4
NC_064034.1_9306568_9306816_pos_265	0.364549	1	4
NC_064034.1_9446113_9446362_pos_266	0.372809	1	2
NC_064034.1_10125759_10126007_pos_267	0.0769843	1	5
NC_064034.1_10145526_10145774_pos_268	0.611187	1	2
NC_064034.1_10497680_10497928_pos_269	0.326519	1	2
NC_064034.1_10511105_10511354_pos_270	0.220488	1	1
NC_064034.1_10542666_10542915_pos_271	-0.154555	1	1
NC_064034.1_11111331_11111579_pos_272	0.323166	1	4
NC_064034.1_11188429_11188678_pos_273	0.0562387	1	5
NC_064034.1_11248027_11248275_pos_274	-0.0409485	1	1
NC_064034.1_11250584_11250832_pos_275	0.0639797	1	4
NC_064034.1_11758469_11758718_pos_276	0.322619	1	2
NC_064034.1_11993395_11993643_pos_277	0.0973427	1	1
NC_064034.1_12475845_12476094_pos_278	0.17022	1	3
NC_064034.1_12620130_12620379_pos_279	-0.126624	1	5
NC_064034.1_12718407_12718656_pos_280	-0.0910544	1	4
NC_064034.1_12738219_12738468_pos_281	-0.091887	1	1
NC_064034.1_13283033_13283281_pos_282	0.544058	1	2
NC_064034.1_13513085_13513334_pos_283	0.207843	1	4
NC_064034.1_13561310_13561558_pos_284	0.197849	1	5
NC_064034.1_13600231_13600479_pos_285	0.186127	1	4
NC_064034.1_13868933_13869182_pos_286	-0.256841	1	5
NC_064034.1_13870211_13870459_pos_287	-0.472684	1	2
NC_064034.1_14832351_14832600_pos_288	-0.112972	1	5
NC_064034.1_15062352_15062601_pos_289	0.102986	1	5
NC_064034.1_15670389_15670637_pos_290	0.113984	1	1
NC_064034.1_15881067_15881316_pos_291	0.161554	1	2
NC_064034.1_15962683_15962931_pos_292	0.0345823	1	5
NC_064034.1_16010659_16010907_pos_293	0.219282	1	3
NC_064034.1_16069184_16069433_pos_294	0.206044	1	3
NC_064034.1_16716869_16717118_pos_295	0.135064	1	4
NC_064034.1_16863610_16863859_pos_296	0.418206	1	1
NC_064034.1_16891069_16891318_pos_297	0.297772	1	5
NC_064035.1_926035_926284_pos_298	0.377823	1	3
NC_064035.1_1010910_1011159_pos_299	0.227237	1	1
NC_064035.1_1152014_1152263_pos_300	0.276532	1	5
NC_064035.1_1176694_1176942_pos_301	-0.157802	1	1
NC_064035.1_1176848_1177097_pos_302	0.641664	1	1
NC_064035.1_1397258_1397507_pos_303	-0.322891	1	1
NC_064035.1_1400915_1401164_pos_304	0.0683908	1	3
NC_064035.1_1528734_1528983_pos_305	-0.0677214	1	2
NC_064035.1_1676128_1676377_pos_306	0.373613	1	2
NC_064035.1_1822585_1822833_pos_307	-0.0343909	1	1
NC_064035.1_1859656_1859905_pos_308	0.247369	1	4
NC_064034.1_15259648_15259897_pos_309	0.269997	1	2
NC_064034.1_2219991_2220240_pos_310	0.160474	1	2
NC_064034.1_5005478_5005727_pos_311	-0.0568831	1	5
NC_064034.1_7768669_7768918_pos_312	0.39971	1	2
NC_064034.1_12200348_12200597_pos_313	0.141774	1	1
NC_064034.1_16785482_16785731_pos_314	0.339916	1	3
NC_064034.1_815123_815372_pos_315	-0.0937619	1	5
NC_064034.1_1046407_1046656_pos_316	0.0461573	1	1
NC_064034.1_1316629_1316878_pos_317	-0.145479	1	1
NC_064034.1_6400893_6401142_pos_318	-0.363292	1	1
NC_064034.1_10089487_10089736_pos_319	0.356127	1	4
NC_064034.1_10160649_10160898_pos_320	0.331066	1	5
NC_064034.1_13876741_13876990_pos_321	0.179482	1	2
NC_064034.1_21876142_21876391_pos_322	0.420625	1	2
NC_064035.1_1859250_1859498_pos_323	0.189075	1	4
NC_064034.1_6594075_6594323_pos_324	0.0486645	1	1
NC_064034.1_10496577_10496826_pos_325	0.262599	1	3
NC_064034.1_11681973_11682222_pos_326	0.387824	1	1
NC_064034.1_12396409_12396658_pos_327	0.158442	1	1
NC_064034.1_12965176_12965425_pos_328	0.414184	1	3
NC_064034.1_16429928_16430176_pos_329	0.14442	1	2
NC_064034.1_21808058_21808307_pos_330	-0.157461	1	1
NC_064034.1_4172115_4172364_pos_331	0.0857298	1	1
NC_064034.1_7732277_7732526_pos_332	0.334674	1	3
NC_064034.1_7297664_7297913_pos_333	-0.087792	1	3
NC_064034.1_2547099_2547348_pos_334	0.325157	1	2
NC_064034.1_2131181_2131430_pos_335	0.111685	1	4
NC_064035.1_1170342_1170591_pos_336	0.328043	1	5
NC_064034.1_10538358_10538607_pos_337	0.466955	1	5
NC_064035.1_1433553_1433802_pos_338	0.187623	1	4
NC_064034.1_2484694_2484943_pos_339	0.431417	1	3
NC_064034.1_10152507_10152756_pos_340	0.315021	1	4
NC_064034.1_2946075_2946324_pos_341	0.254558	1	3
NC_064034.1_7081231_7081480_pos_342	0.108585	1	2
NC_064034.1_1586322_1586571_pos_343	0.425969	1	4
NC_064034.1_10104714_10104963_pos_344	0.0703892	1	4
NC_064034.1_13356398_13356647_pos_345	0.0173038	1	4
NC_064034.1_13366909_13367158_pos_346	0.355906	1	1
NC_064034.1_2559792_2560041_pos_347	0.187945	1	5
NC_064034.1_6891671_6891920_pos_348	0.0811984	1	5
NC_064034.1_3302453_3302702_pos_349	0.238484	1	3
NC_064034.1_13056881_13057130_pos_350	0.290023	1	3
NC_064035.1_1170500_1170748_pos_351	-0.299749	1	3
NC_064034.1_3987812_3988061_pos_352	0.139886	1	3
NC_064034.1_5007187_5007436_pos_353	0.18807	1	2
NC_064034.1_15537534_15537783_pos_354	0.155082	1	4
NC_064034.1_5010637_5010886_pos_355	0.213279	1	3
NC_064034.1_850735_850984_pos_356	0.0591012	1	2
NC_064034.1_1251364_1251613_pos_357	0.0836619	1	5
NC_064034.1_4382858_4383107_pos_358	-0.122624	1	2
NC_064034.1_5011182_5011431_pos_359	0.0586021	1	3
NC_064034.1_5699844_5700093_pos_360	0.453336	1	3
NC_064034.1_9236767_9237016_pos_361	0.123937	1	5
NC_064034.1_10485997_10486246_pos_362	-0.0186966	1	3
NC_064034.1_10631390_10631639_pos_363	0.326681	1	2
NC_064034.1_13053825_13054074_pos_364	-0.0196689	1	1
NC_064034.1_13880847_13881096_pos_365	0.1814	1	4
NC_064035.1_1527066_1527315_pos_366	0.0895437	1	3
NC_064034.1_4294323_4294572_pos_367	0.189402	1	3
NC_064034.1_4706724_4706973_pos_368	0.109113	1	3
NC_064034.1_5735840_5736089_pos_369	0.20713	1	3
NC_064034.1_7346479_7346728_pos_370	0.908727	1	5
NC_064034.1_7557504_7557752_pos_371	-0.0500669	1	1
NC_064034.1_7835605_7835853_pos_372	0.430555	1	4
NC_064034.1_8629278_8629526_pos_373	-0.385865	1	1
NC_064034.1_9214670_9214919_pos_374	0.11249	1	5
NC_064034.1_9640650_9640899_pos_375	0.200316	1	2
NC_064034.1_9689113_9689362_pos_376	-0.00343414	1	3
NC_064034.1_10481230_10481479_pos_377	-0.0885186	1	2
NC_064034.1_12247615_12247864_pos_378	-0.133268	1	1
NC_064034.1_13916439_13916688_pos_379	0.153941	1	3
NC_064035.1_1826116_1826365_pos_380	0.0652473	1	5
NC_064034.1_2039164_2039413_pos_381	0.365879	1	5
NC_064034.1_2528650_2528899_pos_382	0.0429987	1	3
NC_064034.1_4212320_4212569_pos_383	0.147747	1	2
NC_064034.1_4634713_4634961_pos_384	0.232262	1	4
NC_064034.1_5624614_5624863_pos_385	-0.155812	1	3
NC_064034.1_6132355_6132604_pos_386	0.253412	1	5
NC_064034.1_8661152_8661401_pos_387	0.104456	1	4
NC_064034.1_8705916_8706165_pos_388	-0.16978	1	5
NC_064034.1_11270134_11270383_pos_389	0.45527	1	3
NC_064034.1_11771100_11771349_pos_390	-0.304529	1	1
NC_064034.1_13066219_13066468_pos_391	0.0306772	1	3
NC_064034.1_13237763_13238012_pos_392	-0.0817663	1	5
NC_064034.1_13303401_13303650_pos_393	-0.0679553	1	3
NC_064034.1_13508585_13508834_pos_394	0.092283	1	4
NC_064034.1_16677980_16678229_pos_395	0.311459	1	1
NC_064035.1_1506358_1506606_pos_396	0.13535	1	3
NC_064034.1_5710_5958_pos_397	-0.195508	1	3
NC_064034.1_591271_591519_pos_398	0.304933	1	1
NC_064034.1_603637_603886_pos_399	0.0755286	1	3
NC_064034.1_633213_633462_pos_400	0.33914	1	2
NC_064034.1_642213_642462_pos_401	0.343754	1	4
NC_064034.1_747692_747940_pos_402	0.0566343	1	2
NC_064034.1_846225_846474_pos_403	-0.0142252	1	5
NC_064034.1_847825_848074_pos_404	0.312787	1	3
NC_064034.1_1040105_1040354_pos_405	0.157747	1	5
NC_064034.1_1208285_1208534_pos_406	0.129552	1	4
NC_064034.1_1351964_1352213_pos_407	-0.390548	1	2
NC_064034.1_1367606_1367854_pos_408	0.025507	1	3
NC_064034.1_1414706_1414955_pos_409	-0.172859	1	2
NC_064034.1_1494658_1494907_pos_410	0.283226	1	4
NC_064034.1_1611842_1612091_pos_411	0.347751	1	3
NC_064034.1_1613423_1613672_pos_412	0.145369	1	4
NC_064034.1_1615332_1615581_pos_413	0.142608	1	4
NC_064034.1_1626669_1626917_pos_414	0.145231	1	5
NC_064034.1_1659951_1660200_pos_415	0.153257	1	4
NC_064034.1_1666884_1667133_pos_416	0.0929383	1	5
NC_064034.1_1672339_1672588_pos_417	0.374447	1	5
NC_064034.1_1732302_1732550_pos_418	0.137967	1	2
NC_064034.1_1733562_1733811_pos_419	-0.304831	1	5
NC_064034.1_1834261_1834510_pos_420	0.314684	1	1
NC_064034.1_1835035_1835283_pos_421	0.293358	1	3
NC_064034.1_1957064_1957313_pos_422	-0.0485715	1	5
NC_064034.1_1967123_1967372_pos_423	-0.0932938	1	3
NC_064034.1_2172783_2173032_pos_424	0.260084	1	5
NC_064034.1_2194613_2194862_pos_425	-0.0714212	1	3
NC_064034.1_2264674_2264922_pos_426	-0.657939	1	4
NC_064034.1_2395600_2395848_pos_427	-0.0350143	1	5
NC_064034.1_2396502_2396751_pos_428	0.571083	1	3
NC_064034.1_2433086_2433335_pos_429	0.166759	1	3
NC_064034.1_2435257_2435505_pos_430	0.401079	1	3
NC_064034.1_2528024_2528273_pos_431	-0.0969034	1	1
NC_064034.1_2529415_2529664_pos_432	0.190507	1	4
NC_064034.1_2543812_2544060_pos_433	-0.0671809	1	5
NC_064034.1_2630739_2630987_pos_434	0.0741666	1	5
NC_064034.1_2668013_2668262_pos_435	0.212869	1	5
NC_064034.1_2684155_2684403_pos_436	0.0843264	1	4
NC_064034.1_2864471_2864719_pos_437	0.0992545	1	5
NC_064034.1_2882525_2882774_pos_438	0.00616643	1	2
NC_064034.1_3003502_3003750_pos_439	0.0518012	1	1
NC_064034.1_3007795_3008043_pos_440	0.223849	1	2
NC_064034.1_3011731_3011979_pos_441	-0.11305	1	2
NC_064034.1_3023958_3024207_pos_442	0.277967	1	4
NC_064034.1_3043421_3043669_pos_443	0.247156	1	5
NC_064034.1_3055068_3055316_pos_444	0.311355	1	4
NC_064034.1_3128291_3128540_pos_445	0.225216	1	4
NC_064034.1_3301058_3301306_pos_446	-0.0464254	1	5
NC_064034.1_3308822_3309070_pos_447	0.0443681	1	2
NC_064034.1_3350391_3350640_pos_448	0.210677	1	2
NC_064034.1_3479092_3479341_pos_449	0.266922	1	5
NC_064034.1_3484338_3484587_pos_450	0.187199	1	2
NC_064034.1_3554161_3554409_pos_451	0.493092	1	1
NC_064034.1_3577441_3577689_pos_452	-0.305419	1	5
NC_064034.1_3592501_3592749_pos_453	0.198989	1	1
NC_064034.1_3601257_3601505_pos_454	0.19439	1	5
NC_064034.1_3693925_3694174_pos_455	0.000419082	1	3
NC_064034.1_3757811_3758059_pos_456	0.15648	1	3
NC_064034.1_3801102_3801351_pos_457	-0.00619973	1	1
NC_064034.1_3822374_3822622_pos_458	-0.0986858	1	3
NC_064034.1_3873076_3873325_pos_459	-0.0463934	1	4
NC_064034.1_3906029_3906278_pos_460	-0.207546	1	1
NC_064034.1_3916155_3916403_pos_461	0.0724089	1	3
NC_064034.1_4053910_4054159_pos_462	0.474263	1	5
NC_064034.1_4079740_4079989_pos_463	0.369256	1	4
NC_064034.1_4163831_4164080_pos_464	0.0638165	1	5
NC_064034.1_4186367_4186616_pos_465	0.145814	1	3
NC_064034.1_4316082_4316331_pos_466	0.184889	1	3
NC_064034.1_4321522_4321771_pos_467	-0.000131714	1	2
NC_064034.1_4321739_4321987_pos_468	-0.558337	1	4
NC_064034.1_4333759_4334008_pos_469	0.184399	1	4
NC_064034.1_4334540_4334789_pos_470	0.128086	1	4
NC_064034.1_4407171_4407420_pos_471	-0.0265592	1	5
NC_064034.1_4438354_4438602_pos_472	-0.28189	1	2
NC_064034.1_4439044_4439293_pos_473	0.163022	1	3
NC_064034.1_4450081_4450330_pos_474	0.0994183	1	4
NC_064034.1_4549742_4549991_pos_475	0.017637	1	1
NC_064034.1_4575441_4575689_pos_476	-0.00912965	1	4
NC_064034.1_4588845_4589093_pos_477	-0.369536	1	2
NC_064034.1_4600638_4600887_pos_478	0.401904	1	2
NC_064034.1_4839139_4839388_pos_479	0.314846	1	4
NC_064034.1_4883068_4883317_pos_480	0.159288	1	5
NC_064034.1_4916197_4916446_pos_481	0.302571	1	3
NC_064034.1_4929990_4930239_pos_482	0.128754	1	3
NC_064034.1_5104307_5104555_pos_483	0.0180565	1	1
NC_064034.1_5115488_5115737_pos_484	0.112515	1	5
NC_064034.1_5136637_5136886_pos_485	0.22706	1	3
NC_064034.1_5293654_5293902_pos_486	0.0554479	1	3
NC_064034.1_5383250_5383499_pos_487	0.0717471	1	3
NC_064034.1_5722734_5722983_pos_488	-0.00971754	1	1
NC_064034.1_5737988_5738236_pos_489	0.090168	1	1
NC_064034.1_5742949_5743197_pos_490	-0.0433144	1	3
NC_064034.1_5786079_5786328_pos_491	0.0282396	1	1
NC_064034.1_5815164_5815412_pos_492	-0.913638	1	4
NC_064034.1_5821730_5821978_pos_493	-0.0526286	1	3
NC_064034.1_5832957_5833206_pos_494	0.154861	1	2
NC_064034.1_5850036_5850285_pos_495	0.00206014	1	1
NC_064034.1_5891759_5892008_pos_496	0.025916	1	2
NC_064034.1_5906752_5907000_pos_497	-0.103935	1	4
NC_064034.1_5940847_5941095_pos_498	0.515935	1	3
NC_064034.1_5973867_5974115_pos_499	-0.0127086	1	3
NC_064034.1_6002194_6002442_pos_500	0.0421661	1	1
NC_064034.1_6138898_6139147_pos_501	0.232154	1	3
NC_064034.1_6176938_6177186_pos_502	-0.0997678	1	3
NC_064034.1_6201323_6201572_pos_503	0.204453	1	5
NC_064034.1_6242974_6243222_pos_504	0.370764	1	3
NC_064034.1_6251034_6251283_pos_505	0.122849	1	3
NC_064034.1_6254389_6254638_pos_506	0.0842499	1	2
NC_064034.1_6452905_6453153_pos_507	0.0344148	1	4
NC_064034.1_6698008_6698256_pos_508	-0.387371	1	3
NC_064034.1_6715182_6715430_pos_509	0.121536	1	5
NC_064034.1_6725526_6725775_pos_510	-0.22155	1	2
NC_064034.1_6727813_6728062_pos_511	-0.148886	1	2
NC_064034.1_6790075_6790324_pos_512	0.0190831	1	1
NC_064034.1_6800982_6801231_pos_513	-0.0257953	1	4
NC_064034.1_6814823_6815071_pos_514	0.30228	1	4
NC_064034.1_6823583_6823832_pos_515	-0.0980192	1	3
NC_064034.1_6851757_6852005_pos_516	-0.123517	1	2
NC_064034.1_7057791_7058040_pos_517	0.262926	1	4
NC_064034.1_7068067_7068316_pos_518	0.22212	1	1
NC_064034.1_7071724_7071973_pos_519	0.00447581	1	2
NC_064034.1_7141268_7141517_pos_520	0.303209	1	3
NC_064034.1_7256083_7256331_pos_521	-0.27043	1	5
NC_064034.1_7328796_7329045_pos_522	0.0925752	1	4
NC_064034.1_7331031_7331279_pos_523	0.179509	1	4
NC_064034.1_7339474_7339723_pos_524	0.131026	1	2
NC_064034.1_7347194_7347443_pos_525	0.823541	1	3
NC_064034.1_7419572_7419821_pos_526	0.14871	1	5
NC_064034.1_7429331_7429579_pos_527	0.311278	1	4
NC_064034.1_7434877_7435126_pos_528	0.618197	1	3
NC_064034.1_7498797_7499046_pos_529	-0.0665872	1	4
NC_064034.1_7540380_7540629_pos_530	0.365386	1	2
NC_064034.1_7561935_7562184_pos_531	0.112869	1	1
NC_064034.1_7642279_7642528_pos_532	0.313688	1	1
NC_064034.1_7647306_7647554_pos_533	0.256575	1	3
NC_064034.1_7783462_7783711_pos_534	-0.0122441	1	2
NC_064034.1_7839100_7839348_pos_535	0.0426184	1	1
NC_064034.1_7870880_7871129_pos_536	0.178848	1	4
NC_064034.1_7883261_7883510_pos_537	0.350949	1	4
NC_064034.1_7919939_7920188_pos_538	0.299332	1	1
NC_064034.1_7928851_7929100_pos_539	0.067459	1	4
NC_064034.1_7959616_7959864_pos_540	0.06006	1	1
NC_064034.1_8044296_8044545_pos_541	-0.0182862	1	4
NC_064034.1_8059485_8059734_pos_542	-0.032233	1	1
NC_064034.1_8081477_8081725_pos_543	-0.0257294	1	2
NC_064034.1_8105646_8105895_pos_544	0.455286	1	5
NC_064034.1_8139100_8139349_pos_545	0.383009	1	5
NC_064034.1_8207241_8207490_pos_546	-0.208267	1	5
NC_064034.1_8219633_8219882_pos_547	0.0206569	1	3
NC_064034.1_8230468_8230717_pos_548	0.239575	1	2
NC_064034.1_8251112_8251361_pos_549	-0.105977	1	3
NC_064034.1_8306357_8306606_pos_550	0.0875898	1	2
NC_064034.1_8312274_8312522_pos_551	-0.36883	1	1
NC_064034.1_8631742_8631991_pos_552	0.348093	1	5
NC_064034.1_8669272_8669521_pos_553	-0.0695525	1	1
NC_064034.1_8708314_8708563_pos_554	0.0392562	1	1
NC_064034.1_8722218_8722467_pos_555	0.137745	1	5
NC_064034.1_8763819_8764068_pos_556	0.153219	1	4
NC_064034.1_8800565_8800814_pos_557	-0.0801475	1	4
NC_064034.1_8827878_8828126_pos_558	0.14089	1	4
NC_064034.1_8832911_8833160_pos_559	0.0980008	1	3
NC_064034.1_8863656_8863905_pos_560	-0.0834144	1	5
NC_064034.1_8870653_8870901_pos_561	0.0389782	1	1
NC_064034.1_8924742_8924990_pos_562	0.0223951	1	1
NC_064034.1_8982601_8982849_pos_563	0.0185248	1	5
NC_064034.1_9208370_9208619_pos_564	0.238387	1	5
NC_064034.1_9280658_9280906_pos_565	0.270847	1	2
NC_064034.1_9325079_9325328_pos_566	0.00592587	1	3
NC_064034.1_9387459_9387707_pos_567	0.0520632	1	1
NC_064034.1_9444779_9445028_pos_568	-0.132434	1	2
NC_064034.1_9445086_9445335_pos_569	-0.0174123	1	1
NC_064034.1_9460485_9460734_pos_570	-0.0658905	1	4
NC_064034.1_9471282_9471531_pos_571	-0.0746776	1	5
NC_064034.1_9564852_9565101_pos_572	0.413112	1	2
NC_064034.1_9571900_9572149_pos_573	0.139632	1	3
NC_064034.1_9585835_9586083_pos_574	0.0826379	1	2
NC_064034.1_9640241_9640489_pos_575	-0.0158438	1	2
NC_064034.1_9694927_9695175_pos_576	0.38978	1	3
NC_064034.1_9715638_9715886_pos_577	-0.0874867	1	4
NC_064034.1_9737325_9737574_pos_578	0.244732	1	5
NC_064034.1_9795585_9795834_pos_579	0.0464278	1	1
NC_064034.1_9798551_9798800_pos_580	0.184359	1	2
NC_064034.1_9842411_9842660_pos_581	0.18816	1	1
NC_064034.1_9843087_9843336_pos_582	0.0609521	1	4
NC_064034.1_9878720_9878969_pos_583	0.283857	1	2
NC_064034.1_9925448_9925696_pos_584	0.570454	1	3
NC_064034.1_9973165_9973413_pos_585	0.323135	1	4
NC_064034.1_9986323_9986571_pos_586	0.501244	1	4
NC_064034.1_10104236_10104484_pos_587	0.233034	1	1
NC_064034.1_10124159_10124407_pos_588	0.553067	1	5
NC_064034.1_10125107_10125355_pos_589	0.263794	1	1
NC_064034.1_10133703_10133952_pos_590	0.507708	1	5
NC_064034.1_10204606_10204855_pos_591	0.0702727	1	5
NC_064034.1_10221471_10221720_pos_592	0.849688	1	3
NC_064034.1_10286773_10287022_pos_593	-0.066432	1	3
NC_064034.1_10322204_10322453_pos_594	0.457781	1	4
NC_064034.1_10356725_10356974_pos_595	0.030574	1	2
NC_064034.1_10364125_10364373_pos_596	0.564388	1	2
NC_064034.1_10387242_10387490_pos_597	0.120933	1	4
NC_064034.1_10425504_10425753_pos_598	0.291125	1	3
NC_064034.1_10428374_10428622_pos_599	0.432876	1	4
NC_064034.1_10447623_10447871_pos_600	-0.196167	1	3
NC_064034.1_10462760_10463008_pos_601	0.00620592	1	4
NC_064034.1_10571441_10571690_pos_602	-0.101653	1	1
NC_064034.1_10641125_10641374_pos_603	0.10858	1	3
NC_064034.1_10726710_10726958_pos_604	0.0910008	1	5
NC_064034.1_10755587_10755836_pos_605	-0.0798382	1	3
NC_064034.1_10874981_10875230_pos_606	0.232362	1	1
NC_064034.1_11033553_11033802_pos_607	0.130154	1	3
NC_064034.1_11042873_11043122_pos_608	0.112136	1	1
NC_064034.1_11141077_11141326_pos_609	-0.137141	1	2
NC_064034.1_11231065_11231314_pos_610	-0.016681	1	4
NC_064034.1_11247369_11247617_pos_611	0.0758047	1	1
NC_064034.1_11302164_11302412_pos_612	-0.0105828	1	5
NC_064034.1_11383993_11384241_pos_613	-0.0484558	1	5
NC_064034.1_11477261_11477509_pos_614	-0.01076	1	3
NC_064034.1_11526870_11527119_pos_615	0.120786	1	2
NC_064034.1_11535843_11536092_pos_616	0.130243	1	5
NC_064034.1_11546794_11547042_pos_617	0.392118	1	2
NC_064034.1_11711270_11711519_pos_618	-0.128396	1	5
NC_064034.1_11767074_11767323_pos_619	-0.0701451	1	4
NC_064034.1_11821858_11822107_pos_620	0.347728	1	3
NC_064034.1_11875646_11875894_pos_621	0.184227	1	4
NC_064034.1_11882606_11882855_pos_622	0.569994	1	1
NC_064034.1_12057190_12057438_pos_623	0.17371	1	1
NC_064034.1_12133095_12133343_pos_624	0.0225488	1	3
NC_064034.1_12245185_12245434_pos_625	0.327188	1	5
NC_064034.1_12257982_12258231_pos_626	0.105014	1	2
NC_064034.1_12287901_12288150_pos_627	0.293511	1	3
NC_064034.1_12331258_12331506_pos_628	0.155585	1	3
NC_064034.1_12414975_12415224_pos_629	0.376158	1	1
NC_064034.1_12474880_12475128_pos_630	0.156691	1	1
NC_064034.1_12489922_12490171_pos_631	-0.23913	1	2
NC_064034.1_12560536_12560784_pos_632	0.469143	1	1
NC_064034.1_12573890_12574138_pos_633	0.303405	1	3
NC_064034.1_12643020_12643268_pos_634	0.0188672	1	4
NC_064034.1_12662281_12662530_pos_635	0.0638531	1	2
NC_064034.1_12665154_12665403_pos_636	0.0330126	1	3
NC_064034.1_12673527_12673776_pos_637	0.0426112	1	3
NC_064034.1_12708425_12708674_pos_638	0.196469	1	4
NC_064034.1_12713601_12713850_pos_639	0.0678323	1	3
NC_064034.1_12729277_12729526_pos_640	0.0178791	1	2
NC_064034.1_12876198_12876447_pos_641	-0.00846112	1	5
NC_064034.1_12972205_12972454_pos_642	-0.178201	1	5
NC_064034.1_12989380_12989629_pos_643	0.0944403	1	5
NC_064034.1_13069091_13069340_pos_644	-0.0969474	1	5
NC_064034.1_13070353_13070602_pos_645	-0.236908	1	1
NC_064034.1_13071477_13071726_pos_646	0.489512	1	2
NC_064034.1_13177906_13178155_pos_647	0.048609	1	3
NC_064034.1_13245864_13246113_pos_648	0.280157	1	5
NC_064034.1_13329699_13329948_pos_649	-0.0895355	1	1
NC_064034.1_13334928_13335177_pos_650	0.834747	1	1
NC_064034.1_13345855_13346103_pos_651	-0.365643	1	4
NC_064034.1_13355405_13355654_pos_652	0.064221	1	1
NC_064034.1_13408488_13408737_pos_653	-0.0514195	1	3
NC_064034.1_13532781_13533030_pos_654	0.283139	1	2
NC_064034.1_13538272_13538521_pos_655	-0.087192	1	1
NC_064034.1_13570809_13571057_pos_656	0.277255	1	4
NC_064034.1_13573153_13573402_pos_657	0.232488	1	4
NC_064034.1_13577428_13577677_pos_658	0.0505402	1	5
NC_064034.1_13593641_13593889_pos_659	0.111598	1	3
NC_064034.1_13596905_13597154_pos_660	0.381832	1	3
NC_064034.1_14042925_14043174_pos_661	0.0807935	1	1
NC_064034.1_14448332_14448580_pos_662	0.333293	1	5
NC_064034.1_14602130_14602379_pos_663	0.00232167	1	2
NC_064034.1_14609486_14609735_pos_664	-0.0881686	1	1
NC_064034.1_14752101_14752349_pos_665	0.0247834	1	4
NC_064034.1_14873286_14873534_pos_666	0.0754685	1	2
NC_064034.1_14914734_14914982_pos_667	-0.00577101	1	4
NC_064034.1_14978526_14978774_pos_668	-0.708934	1	1
NC_064034.1_15003781_15004029_pos_669	-0.230473	1	2
NC_064034.1_15004241_15004489_pos_670	-0.114288	1	5
NC_064034.1_15109899_15110147_pos_671	-0.0824157	1	2
NC_064034.1_15235970_15236218_pos_672	0.0981137	1	3
NC_064034.1_15254625_15254874_pos_673	-0.223175	1	4
NC_064034.1_15334194_15334443_pos_674	0.169765	1	2
NC_064034.1_15478643_15478891_pos_675	-0.0672729	1	2
NC_064034.1_15622513_15622762_pos_676	0.356971	1	4
NC_064034.1_15630380_15630628_pos_677	0.0536064	1	4
NC_064034.1_15638029_15638277_pos_678	0.147381	1	4
NC_064034.1_15755571_15755819_pos_679	0.437579	1	4
NC_064034.1_15943985_15944233_pos_680	-0.760073	1	4
NC_064034.1_15986043_15986291_pos_681	0.269908	1	5
NC_064034.1_16000050_16000298_pos_682	0.513505	1	1
NC_064034.1_16165590_16165838_pos_683	-0.0638	1	1
NC_064034.1_16285948_16286197_pos_684	0.199913	1	2
NC_064034.1_16335313_16335561_pos_685	-0.375125	1	3
NC_064034.1_16414645_16414894_pos_686	0.27842	1	4
NC_064034.1_16423087_16423335_pos_687	0.28785	1	3
NC_064034.1_16430703_16430952_pos_688	0.192957	1	3
NC_064034.1_16465799_16466048_pos_689	-0.0785151	1	1
NC_064034.1_16525407_16525655_pos_690	0.091048	1	5
NC_064034.1_16535474_16535722_pos_691	0.278513	1	2
NC_064034.1_16582464_16582713_pos_692	0.267945	1	4
NC_064034.1_16786386_16786635_pos_693	0.0536288	1	5
NC_064034.1_16900080_16900328_pos_694	-0.0371671	1	4
NC_064034.1_16971719_16971967_pos_695	0.12365	1	2
NC_064034.1_21760794_21761043_pos_696	0.212925	1	4
NC_064034.1_21778689_21778938_pos_697	0.256879	1	4
NC_064034.1_21802612_21802860_pos_698	-0.054022	1	5
NC_064034.1_21840411_21840660_pos_699	0.00643581	1	1
NC_064034.1_21880545_21880794_pos_700	-0.0783926	1	3
NC_064039.1_9131614_9131862_neg_1	-0.329794	-1	5
NC_064034.1_4033975_4034223_neg_2	-0.701988	-1	4
NC_064044.1_2546213_2546462_neg_3	0.676814	-1	2
NC_064041.1_3622626_3622874_neg_4	-0.101286	-1	4
NC_064040.1_11038285_11038534_neg_5	0.0463915	-1	2
NC_064039.1_9102260_9102508_neg_6	-0.566086	-1	1
NC_064039.1_2872535_2872783_neg_7	-0.00650728	-1	3
NC_064035.1_18600680_18600929_neg_8	-0.012536	-1	4
NC_064035.1_13208740_13208989_neg_9	-0.0232439	-1	2
NC_064041.1_519521_519769_neg_10	-0.0109962	-1	3
NC_064048.1_10473598_10473847_neg_11	-0.221734	-1	5
NC_064039.1_5455274_5455522_neg_12	-0.154932	-1	4
NC_064037.1_873459_873707_neg_13	-1.00276	-1	1
NC_064035.1_15921516_15921765_neg_14	0.240631	-1	4
NC_064041.1_12021126_12021375_neg_15	0.333867	-1	5
NC_064045.1_5804451_5804699_neg_16	0.0521784	-1	5
NC_064039.1_15474255_15474503_neg_17	-0.165554	-1	1
NC_064034.1_2597734_2597982_neg_18	0.162758	-1	4
NC_064037.1_1116619_1116868_neg_19	-0.175947	-1	1
NC_064044.1_3938779_3939027_neg_20	-0.320485	-1	1
NC_064036.1_17422494_17422742_neg_21	-0.110488	-1	3
NC_064042.1_16934002_16934251_neg_22	-0.7382	-1	2
NC_064042.1_11017063_11017311_neg_23	-0.230072	-1	4
NC_064044.1_8687583_8687832_neg_24	0.259013	-1	4
NC_064036.1_14142215_14142464_neg_25	0.0679272	-1	2
NC_064042.1_11750104_11750352_neg_26	-0.228985	-1	3
NC_064042.1_16921491_16921740_neg_27	-0.745037	-1	5
NC_064038.1_10459374_10459623_neg_28	0.00135576	-1	5
NC_064041.1_10108804_10109052_neg_29	-0.258093	-1	4
NC_064041.1_1097913_1098161_neg_30	-0.228877	-1	3
NC_064035.1_21949927_21950175_neg_31	-0.342932	-1	2
NC_064034.1_21970252_21970500_neg_32	-0.491962	-1	1
NC_064044.1_2512637_2512886_neg_33	-0.255418	-1	5
NC_064042.1_1678596_1678844_neg_34	-0.152163	-1	1
NC_064034.1_22105246_22105495_neg_35	-0.0844284	-1	4
NC_064037.1_18888656_18888905_neg_36	-0.103981	-1	1
NC_064035.1_4315492_4315741_neg_37	-0.146104	-1	4
NC_064043.1_4461580_4461828_neg_38	0.170182	-1	4
NC_064048.1_12912522_12912770_neg_39	-1.15639	-1	3
NC_064035.1_12163943_12164192_neg_40	-0.162571	-1	3
NC_064035.1_19592026_19592275_neg_41	-0.232925	-1	5
NC_064041.1_5645216_5645465_neg_42	0.10005	-1	1
NC_064034.1_21806497_21806745_neg_43	-0.172969	-1	5
NC_064037.1_13401932_13402180_neg_44	-0.140419	-1	4
NC_064047.1_11327573_11327821_neg_45	-0.125692	-1	1
NC_064034.1_12608310_12608558_neg_46	-0.0579774	-1	5
NC_064044.1_1193022_1193270_neg_47	-1.15563	-1	1
NC_064037.1_5306913_5307161_neg_48	0.276046	-1	1
NC_064035.1_20224246_20224495_neg_49	-0.233977	-1	3
NC_064035.1_20808349_20808597_neg_50	-0.0985292	-1	5
NC_064036.1_9034166_9034414_neg_51	-0.283775	-1	4
NC_064034.1_19005035_19005284_neg_52	-0.23336	-1	5
NC_064042.1_4953222_4953471_neg_53	-0.452776	-1	2
NC_064035.1_8697540_8697789_neg_54	-0.348195	-1	1
NC_064035.1_2222229_2222477_neg_55	-0.136525	-1	1
NC_064046.1_12062984_12063232_neg_56	-0.24288	-1	5
NC_064047.1_9434556_9434804_neg_57	-0.337565	-1	3
NC_064035.1_3446451_3446700_neg_58	0.204249	-1	3
NC_064042.1_6081348_6081597_neg_59	0.0552309	-1	1
NC_064039.1_10514065_10514314_neg_60	-0.348266	-1	1
NC_064037.1_18263395_18263644_neg_61	-0.285837	-1	5
NC_064034.1_10009575_10009824_neg_62	0.0653537	-1	3
NC_064036.1_15672866_15673114_neg_63	0.223886	-1	5
NC_064043.1_903900_904148_neg_64	-0.795238	-1	1
NC_064040.1_17453894_17454143_neg_65	-0.256102	-1	5
NC_064042.1_8214664_8214912_neg_66	-0.181133	-1	5
NC_064035.1_339885_340133_neg_67	-1.23629	-1	1
NC_064044.1_455575_455823_neg_68	-0.707118	-1	1
NC_064034.1_13967081_13967330_neg_69	0.141454	-1	2
NC_064041.1_2758234_2758483_neg_70	-0.274485	-1	4
NC_064038.1_11446655_11446903_neg_71	-0.0118665	-1	3
NC_064038.1_6156_6404_neg_72	0.187388	-1	5
NC_064043.1_10010805_10011054_neg_73	-0.115912	-1	1
NC_064039.1_9512669_9512917_neg_74	-0.0897155	-1	4
NC_064034.1_13282895_13283143_neg_75	-0.346352	-1	2
NC_064035.1_4102167_4102415_neg_76	0.158555	-1	3
NC_064042.1_15410065_15410313_neg_77	0.486212	-1	4
NC_064045.1_3856134_3856382_neg_78	0.128644	-1	1
NC_064034.1_20867593_20867842_neg_79	-0.00638944	-1	2
NC_064035.1_18463033_18463282_neg_80	0.124746	-1	3
NC_064047.1_8892570_8892818_neg_81	-0.826162	-1	5
NC_064043.1_1610741_1610990_neg_82	-0.0172282	-1	2
NC_064035.1_12828797_12829045_neg_83	0.00168784	-1	1
NC_064042.1_15016456_15016705_neg_84	0.091792	-1	1
NC_064044.1_1042758_1043007_neg_85	-0.0128834	-1	2
NC_064044.1_13856126_13856375_neg_86	-0.176976	-1	3
NC_064045.1_15984995_15985243_neg_87	-1.0804	-1	3
NC_064034.1_15721563_15721811_neg_88	0.337027	-1	2
NC_064040.1_5286778_5287027_neg_89	-0.0246149	-1	3
NC_064034.1_18648678_18648927_neg_90	-0.515202	-1	3
NC_064036.1_14431437_14431686_neg_91	-0.176586	-1	5
NC_064034.1_20200722_20200971_neg_92	-0.0301114	-1	2
NC_064043.1_14735744_14735992_neg_93	0.0759033	-1	3
NC_064036.1_2080986_2081234_neg_94	-0.00888834	-1	5
NC_064042.1_15820683_15820931_neg_95	0.203558	-1	1
NC_064037.1_13807795_13808043_neg_96	-0.0554582	-1	3
NC_064044.1_13780581_13780829_neg_97	-0.0350262	-1	1
NC_064037.1_16315108_16315357_neg_98	-0.176498	-1	1
NC_064034.1_5213901_5214149_neg_99	0.137146	-1	2
NC_064043.1_2411190_2411439_neg_100	0.202012	-1	5
NC_064042.1_13868083_13868331_neg_101	0.0273448	-1	1
NC_064044.1_10905160_10905408_neg_102	-0.0245158	-1	5
NC_064035.1_15217025_15217274_neg_103	-0.355303	-1	1
NC_064043.1_1032230_1032478_neg_104	-1.0722	-1	4
NC_064039.1_5528704_5528953_neg_105	0.00780681	-1	4
NC_064036.1_20695553_20695802_neg_106	0.0806882	-1	5
NC_064034.1_18325316_18325565_neg_107	-0.0362196	-1	5
NC_064043.1_8965864_8966112_neg_108	-0.0210429	-1	5
NC_064041.1_14043665_14043913_neg_109	-0.311163	-1	3
NC_064037.1_17493835_17494084_neg_110	-0.0762014	-1	2
NC_064035.1_3527000_3527249_neg_111	0.248636	-1	5
NC_064043.1_13246934_13247182_neg_112	-0.0375934	-1	1
NC_064043.1_14264355_14264603_neg_113	-0.490072	-1	2
NC_064036.1_18687031_18687280_neg_114	-0.477806	-1	3
NC_064044.1_6625333_6625581_neg_115	-0.290347	-1	1
NC_064040.1_16478254_16478503_neg_116	0.305534	-1	4
NC_064047.1_14230519_14230768_neg_117	0.207836	-1	5
NC_064046.1_15427085_15427333_neg_118	-1.13971	-1	4
NC_064034.1_725192_725440_neg_119	-0.182476	-1	3
NC_064035.1_17723663_17723911_neg_120	-0.122695	-1	1
NC_064041.1_14341694_14341942_neg_121	0.0899584	-1	5
NC_064035.1_3597449_3597697_neg_122	0.0958025	-1	2
NC_064040.1_16078402_16078651_neg_123	-0.0491494	-1	2
NC_064036.1_7396548_7396796_neg_124	-0.23714	-1	4
NC_064041.1_14943293_14943541_neg_125	-0.136779	-1	2
NC_064045.1_10229653_10229902_neg_126	-0.0128701	-1	5
NC_064042.1_17322525_17322774_neg_127	-0.419505	-1	3
NC_064042.1_8396416_8396665_neg_128	-0.025174	-1	2
NC_064039.1_11369292_11369541_neg_129	-0.36717	-1	1
NC_064034.1_20477564_20477813_neg_130	-0.349784	-1	2
NC_064042.1_16527485_16527734_neg_131	-0.0267725	-1	1
NC_064036.1_5240537_5240786_neg_132	-0.318202	-1	5
NC_064034.1_10381932_10382181_neg_133	0.135621	-1	4
NC_064037.1_9949915_9950163_neg_134	-0.0789864	-1	4
NC_064036.1_7836449_7836698_neg_135	0.161418	-1	2
NC_064036.1_6648172_6648420_neg_136	-0.172578	-1	1
NC_064048.1_1195569_1195817_neg_137	0.0752022	-1	5
NC_064037.1_12362891_12363139_neg_138	-0.490099	-1	5
NC_064047.1_7027519_7027767_neg_139	-0.192021	-1	5
NC_064040.1_17147090_17147338_neg_140	-0.137689	-1	5
NC_064039.1_15426631_15426879_neg_141	-0.0115258	-1	2
NC_064040.1_7853806_7854054_neg_142	-0.28004	-1	3
NC_064047.1_13483893_13484141_neg_143	-0.253369	-1	3
NC_064046.1_14248511_14248759_neg_144	-0.0679431	-1	3
NC_064035.1_21519984_21520232_neg_145	-0.675964	-1	1
NC_064034.1_20160299_20160548_neg_146	0.0661594	-1	4
NC_064035.1_8808962_8809211_neg_147	-0.291237	-1	4
NC_064038.1_6311748_6311997_neg_148	0.26995	-1	5
NC_064043.1_16324497_16324746_neg_149	0.0207434	-1	5
NC_064038.1_8714657_8714906_neg_150	-0.253358	-1	3
NC_064036.1_14365801_14366049_neg_151	-0.0339142	-1	3
NC_064034.1_21260921_21261170_neg_152	-0.183831	-1	2
NC_064043.1_1099615_1099864_neg_153	-0.989281	-1	3
NC_064038.1_17168128_17168376_neg_154	-0.0606868	-1	2
NC_064041.1_2866210_2866459_neg_155	0.098774	-1	5
NC_064035.1_14688712_14688960_neg_156	0.224477	-1	5
NC_064041.1_7316135_7316384_neg_157	-0.00868649	-1	2
NC_064047.1_4425191_4425440_neg_158	-0.210677	-1	1
NC_064038.1_15191009_15191257_neg_159	0.0623238	-1	3
NC_064043.1_12228316_12228565_neg_160	-0.569277	-1	1
NC_064037.1_6156415_6156664_neg_161	0.161439	-1	5
NC_064040.1_4741249_4741498_neg_162	-0.128107	-1	3
NC_064036.1_3501532_3501780_neg_163	-0.26546	-1	3
NC_064037.1_4360169_4360418_neg_164	-0.157873	-1	2
NC_064039.1_16711334_16711583_neg_165	-0.596277	-1	3
NC_064039.1_9655345_9655593_neg_166	-0.120377	-1	2
NC_064040.1_7781097_7781346_neg_167	0.185274	-1	4
NC_064034.1_14623327_14623576_neg_168	-0.28413	-1	1
NC_064034.1_20493341_20493590_neg_169	-0.281173	-1	5
NC_064044.1_16155217_16155466_neg_170	-0.134529	-1	1
NC_064039.1_13671880_13672129_neg_171	-0.234565	-1	3
NC_064040.1_5681671_5681920_neg_172	-0.0641306	-1	1
NC_064047.1_1708921_1709170_neg_173	0.234607	-1	5
NC_064045.1_12120123_12120371_neg_174	0.0114476	-1	4
NC_064035.1_10181943_10182192_neg_175	0.467148	-1	2
NC_064044.1_2925638_2925886_neg_176	0.2874	-1	2
NC_064035.1_11419065_11419313_neg_177	0.120868	-1	4
NC_064039.1_7054283_7054532_neg_178	-0.727863	-1	2
NC_064040.1_7022525_7022773_neg_179	0.0496743	-1	5
NC_064039.1_9609678_9609927_neg_180	-0.285344	-1	1
NC_064038.1_11296848_11297097_neg_181	-0.46454	-1	3
NC_064036.1_3112591_3112840_neg_182	-0.199198	-1	2
NC_064046.1_8422463_8422711_neg_183	-0.17426	-1	5
NC_064040.1_8189435_8189683_neg_184	0.0234195	-1	5
NC_064036.1_10747198_10747446_neg_185	0.0121991	-1	5
NC_064044.1_1451587_1451836_neg_186	-0.907287	-1	3
NC_064036.1_11580718_11580967_neg_187	-0.516069	-1	5
NC_064046.1_7183289_7183537_neg_188	-0.331691	-1	2
NC_064035.1_21068891_21069139_neg_189	0.0409007	-1	3
NC_064042.1_8524617_8524865_neg_190	-0.129056	-1	1
NC_064045.1_13161292_13161540_neg_191	-0.0559531	-1	1
NC_064048.1_9481854_9482102_neg_192	0.218238	-1	2
NC_064045.1_3419877_3420126_neg_193	-0.379756	-1	2
NC_064044.1_3255284_3255533_neg_194	-0.202671	-1	4
NC_064043.1_8575664_8575913_neg_195	-0.173678	-1	2
NC_064035.1_21170056_21170304_neg_196	-0.319937	-1	1
NC_064035.1_11843163_11843411_neg_197	0.0117949	-1	5
NC_064038.1_4345459_4345707_neg_198	-0.19796	-1	2
NC_064041.1_2221407_2221656_neg_199	-0.0221235	-1	3
NC_064035.1_17418132_17418381_neg_200	0.110302	-1	1
NC_064048.1_7227061_7227310_neg_201	0.306805	-1	2
NC_064041.1_7637411_7637660_neg_202	-0.558557	-1	2
NC_064035.1_12066498_12066747_neg_203	0.206624	-1	3
NC_064044.1_8347676_8347925_neg_204	0.0532733	-1	5
NC_064037.1_12232190_12232439_neg_205	-0.618485	-1	5
NC_064046.1_15941866_15942115_neg_206	-0.986183	-1	5
NC_064037.1_9643424_9643673_neg_207	0.152734	-1	2
NC_064043.1_15668359_15668608_neg_208	-0.11108	-1	3
NC_064036.1_14690479_14690727_neg_209	0.0772018	-1	5
NC_064037.1_3903811_3904060_neg_210	-0.0301423	-1	4
NC_064039.1_17812994_17813243_neg_211	-0.576447	-1	4
NC_064041.1_15337774_15338022_neg_212	0.423107	-1	1
NC_064040.1_3328144_3328392_neg_213	-0.315343	-1	3
NC_064048.1_8746014_8746263_neg_214	0.20725	-1	2
NC_064037.1_12873273_12873521_neg_215	0.276075	-1	3
NC_064041.1_1921999_1922247_neg_216	0.0690375	-1	4
NC_064035.1_7966881_7967130_neg_217	-0.147613	-1	1
NC_064044.1_11827129_11827378_neg_218	0.278957	-1	4
NC_064039.1_4534870_4535119_neg_219	-0.226288	-1	2
NC_064034.1_9757946_9758195_neg_220	-0.404452	-1	5
NC_064034.1_15228973_15229222_neg_221	0.314605	-1	2
NC_064045.1_7975696_7975945_neg_222	-0.0583085	-1	3
NC_064047.1_4092879_4093128_neg_223	0.336659	-1	2
NC_064037.1_13264045_13264293_neg_224	-0.0580283	-1	1
NC_064045.1_6257787_6258036_neg_225	-0.0667609	-1	2
NC_064035.1_18392804_18393053_neg_226	-0.120934	-1	3
NC_064035.1_11779543_11779792_neg_227	0.0322476	-1	5
NC_064042.1_12262173_12262422_neg_228	0.0266514	-1	4
NC_064044.1_1207813_1208062_neg_229	-0.847702	-1	5
NC_064040.1_12634089_12634338_neg_230	0.120484	-1	1
NC_064036.1_6582778_6583027_neg_231	-0.156538	-1	1
NC_064046.1_503784_504032_neg_232	0.0813393	-1	2
NC_064046.1_8521364_8521613_neg_233	0.263523	-1	2
NC_064036.1_19670046_19670294_neg_234	-0.0914088	-1	2
NC_064045.1_9746265_9746514_neg_235	-0.424676	-1	2
NC_064044.1_12268286_12268535_neg_236	-0.0149199	-1	1
NC_064040.1_11373742_11373990_neg_237	-0.264148	-1	4
NC_064047.1_10849472_10849721_neg_238	-0.151805	-1	4
NC_064047.1_15223861_15224109_neg_239	-0.159143	-1	2
NC_064035.1_1580289_1580537_neg_240	0.210759	-1	3
NC_064046.1_6000117_6000366_neg_241	-0.0951598	-1	3
NC_064045.1_15260028_15260276_neg_242	0.315774	-1	1
NC_064035.1_3822147_3822396_neg_243	0.154964	-1	3
NC_064037.1_13870318_13870566_neg_244	-0.301405	-1	3
NC_064039.1_2080731_2080980_neg_245	0.0691503	-1	2
NC_064042.1_679896_680144_neg_246	0.295464	-1	2
NC_064040.1_8067424_8067673_neg_247	-0.309849	-1	4
NC_064034.1_14764158_14764407_neg_248	-0.541053	-1	2
NC_064042.1_61744_61993_neg_249	-0.646079	-1	1
NC_064037.1_17096381_17096629_neg_250	-0.0556638	-1	4
NC_064041.1_13994530_13994779_neg_251	-0.0398246	-1	1
NC_064035.1_21730844_21731093_neg_252	0.13276	-1	4
NC_064035.1_17398443_17398692_neg_253	0.123411	-1	4
NC_064039.1_1380221_1380470_neg_254	-0.0191366	-1	2
NC_064045.1_15035243_15035491_neg_255	-0.469801	-1	2
NC_064045.1_1029845_1030094_neg_256	-1.08761	-1	4
NC_064038.1_8012020_8012269_neg_257	-0.184694	-1	3
NC_064039.1_14516757_14517006_neg_258	-0.218235	-1	1
NC_064044.1_12917403_12917652_neg_259	0.0665831	-1	3
NC_064036.1_7167268_7167516_neg_260	0.0681652	-1	2
NC_064039.1_16865199_16865447_neg_261	0.0943185	-1	5
NC_064045.1_382427_382675_neg_262	-0.325349	-1	1
NC_064035.1_13705319_13705567_neg_263	0.137882	-1	2
NC_064040.1_11422843_11423092_neg_264	0.232397	-1	5
NC_064047.1_2587451_2587700_neg_265	-0.142642	-1	4
NC_064048.1_6931081_6931330_neg_266	0.103471	-1	2
NC_064039.1_12644534_12644783_neg_267	-0.159392	-1	4
NC_064045.1_392955_393204_neg_268	-0.349221	-1	2
NC_064034.1_15966811_15967060_neg_269	-0.0690446	-1	2
NC_064036.1_14843543_14843792_neg_270	-0.139546	-1	3
NC_064047.1_12426611_12426860_neg_271	-0.0360564	-1	5
NC_064045.1_213137_213386_neg_272	-0.123837	-1	3
NC_064048.1_3793326_3793575_neg_273	-0.120363	-1	4
NC_064035.1_7364340_7364589_neg_274	-0.11025	-1	3
NC_064040.1_11899681_11899930_neg_275	0.290551	-1	4
NC_064044.1_14175095_14175344_neg_276	-0.0397292	-1	4
NC_064038.1_6097946_6098195_neg_277	0.16694	-1	3
NC_064046.1_11270198_11270446_neg_278	0.116139	-1	5
NC_064048.1_13284756_13285004_neg_279	-0.981589	-1	1
NC_064040.1_4034315_4034563_neg_280	-0.167689	-1	4
NC_064037.1_11811129_11811377_neg_281	-0.61275	-1	1
NC_064046.1_4239855_4240104_neg_282	-0.337703	-1	2
NC_064037.1_13571393_13571641_neg_283	-0.368777	-1	5
NC_064036.1_7590408_7590657_neg_284	0.159243	-1	2
NC_064045.1_14331965_14332214_neg_285	-0.404715	-1	4
NC_064039.1_15712506_15712755_neg_286	-0.634715	-1	5
NC_064039.1_3250699_3250948_neg_287	-0.562087	-1	4
NC_064034.1_14919870_14920118_neg_288	0.0562376	-1	4
NC_064035.1_20781628_20781877_neg_289	0.110625	-1	3
NC_064037.1_16348946_16349195_neg_290	-0.388019	-1	2
NC_064041.1_7791364_7791612_neg_291	0.0530916	-1	2
NC_064034.1_3646017_3646266_neg_292	-0.090803	-1	5
NC_064042.1_14404876_14405125_neg_293	-0.343228	-1	3
NC_064040.1_14989458_14989707_neg_294	-0.0331542	-1	3
NC_064036.1_20071972_20072221_neg_295	-0.0290837	-1	4
NC_064035.1_14947834_14948083_neg_296	0.117955	-1	2
NC_064036.1_8084447_8084695_neg_297	-0.577794	-1	2
NC_064043.1_12019500_12019749_neg_298	0.0972583	-1	1
NC_064039.1_1473764_1474012_neg_299	-0.347456	-1	1
NC_064045.1_1603034_1603283_neg_300	0.24735	-1	3
NC_064037.1_8369467_8369716_neg_301	-0.462316	-1	3
NC_064035.1_20329427_20329675_neg_302	0.0243969	-1	2
NC_064040.1_3713333_3713582_neg_303	-0.239311	-1	5
NC_064042.1_6237634_6237882_neg_304	-0.166947	-1	1
NC_064035.1_2001629_2001878_neg_305	-0.00378541	-1	5
NC_064044.1_12816104_12816352_neg_306	-0.0247106	-1	4
NC_064045.1_1353833_1354082_neg_307	-0.797768	-1	1
NC_064036.1_7032603_7032851_neg_308	0.125953	-1	5
NC_064037.1_15162184_15162432_neg_309	-0.174482	-1	1
NC_064034.1_2064184_2064433_neg_310	-0.763603	-1	1
NC_064043.1_4323014_4323263_neg_311	-0.21497	-1	2
NC_064042.1_14127949_14128198_neg_312	0.132254	-1	1
NC_064045.1_1849609_1849857_neg_313	-0.25249	-1	2
NC_064046.1_1886679_1886928_neg_314	-0.165549	-1	2
NC_064038.1_14780770_14781018_neg_315	-0.122195	-1	3
NC_064037.1_10853905_10854154_neg_316	-0.178249	-1	3
NC_064044.1_5210437_5210685_neg_317	-0.300206	-1	5
NC_064038.1_10248993_10249241_neg_318	0.068076	-1	5
NC_064037.1_14376077_14376326_neg_319	-0.178815	-1	5
NC_064042.1_12465297_12465546_neg_320	-0.0910822	-1	3
NC_064034.1_609249_609498_neg_321	0.0561604	-1	4
NC_064036.1_15987073_15987321_neg_322	-0.571979	-1	5
NC_064036.1_7628867_7629116_neg_323	0.553846	-1	3
NC_064044.1_5168789_5169038_neg_324	-0.412684	-1	2
NC_064044.1_10889642_10889891_neg_325	-0.22387	-1	2
NC_064037.1_11672538_11672787_neg_326	-0.390006	-1	4
NC_064045.1_15588136_15588385_neg_327	-1.04901	-1	2
NC_064036.1_13166229_13166477_neg_328	-0.118151	-1	3
NC_064045.1_15886070_15886319_neg_329	-0.786113	-1	4
NC_064034.1_14647166_14647414_neg_330	-0.418788	-1	3
NC_064047.1_3960383_3960631_neg_331	-0.304226	-1	1
NC_064043.1_6854981_6855229_neg_332	-0.0449376	-1	5
NC_064036.1_13934243_13934491_neg_333	-0.558487	-1	2
NC_064034.1_12592612_12592861_neg_334	0.113439	-1	4
NC_064035.1_10267927_10268175_neg_335	-0.00226095	-1	4
NC_064038.1_8990680_8990928_neg_336	0.0680722	-1	3
NC_064048.1_10426131_10426379_neg_337	-0.124429	-1	3
NC_064041.1_6038062_6038310_neg_338	0.0117758	-1	4
NC_064040.1_6189094_6189343_neg_339	-0.213412	-1	2
NC_064034.1_13341118_13341366_neg_340	-0.356762	-1	2
NC_064036.1_10991762_10992010_neg_341	-0.258401	-1	1
NC_064044.1_14452881_14453129_neg_342	-0.216942	-1	5
NC_064039.1_5497129_5497378_neg_343	0.00395474	-1	2
NC_064040.1_9257208_9257457_neg_344	-0.736161	-1	3
NC_064037.1_2890969_2891217_neg_345	-0.127775	-1	4
NC_064034.1_13025766_13026015_neg_346	-0.227176	-1	3
NC_064035.1_5362321_5362570_neg_347	0.000483005	-1	5
NC_064043.1_7312864_7313112_neg_348	-0.111329	-1	5
NC_064047.1_14467464_14467713_neg_349	-0.163146	-1	1
NC_064043.1_12980247_12980496_neg_350	-0.0983569	-1	1
NC_064036.1_2478709_2478958_neg_351	-0.601707	-1	3
NC_064045.1_11784393_11784641_neg_352	-0.303728	-1	4
NC_064040.1_4932923_4933171_neg_353	-0.153751	-1	5
NC_064037.1_17523093_17523341_neg_354	-0.169793	-1	5
NC_064034.1_10965683_10965932_neg_355	0.203485	-1	1
NC_064042.1_9629917_9630165_neg_356	-0.317335	-1	5
NC_064039.1_8114845_8115094_neg_357	-0.36792	-1	2
NC_064036.1_12682949_12683198_neg_358	0.043567	-1	4
NC_064039.1_11469588_11469836_neg_359	-0.104544	-1	2
NC_064035.1_3120632_3120880_neg_360	0.40123	-1	4
NC_064044.1_1935997_1936246_neg_361	-0.958236	-1	4
NC_064036.1_1134930_1135178_neg_362	-0.339958	-1	3
NC_064040.1_13990571_13990819_neg_363	0.013972	-1	1
NC_064047.1_2020400_2020648_neg_364	0.0916336	-1	5
NC_064035.1_9872417_9872665_neg_365	0.139872	-1	4
NC_064041.1_10794116_10794365_neg_366	-0.536698	-1	1
NC_064037.1_9739694_9739943_neg_367	-0.0796448	-1	2
NC_064041.1_11086083_11086332_neg_368	0.029337	-1	2
NC_064037.1_16996630_16996879_neg_369	0.308423	-1	2
NC_064047.1_2450850_2451098_neg_370	-0.314292	-1	4
NC_064034.1_7716110_7716359_neg_371	-0.404309	-1	5
NC_064035.1_15447384_15447633_neg_372	-0.333905	-1	5
NC_064042.1_4389961_4390210_neg_373	-0.677592	-1	2
NC_064035.1_7301252_7301500_neg_374	-0.422691	-1	1
NC_064040.1_13440139_13440388_neg_375	-0.375166	-1	4
NC_064034.1_876851_877099_neg_376	0.0672636	-1	4
NC_064038.1_13409096_13409344_neg_377	-0.303756	-1	2
NC_064043.1_9711053_9711302_neg_378	-0.408795	-1	1
NC_064046.1_8692168_8692417_neg_379	-0.397237	-1	4
NC_064045.1_1872856_1873104_neg_380	0.0322092	-1	1
NC_064048.1_4195396_4195644_neg_381	-0.290573	-1	1
NC_064037.1_13240673_13240922_neg_382	-0.0979314	-1	5
NC_064034.1_11097342_11097590_neg_383	-0.301731	-1	4
NC_064043.1_14924252_14924501_neg_384	-0.559126	-1	1
NC_064040.1_10729402_10729651_neg_385	0.0538419	-1	1
NC_064038.1_15812695_15812943_neg_386	0.230975	-1	4
NC_064035.1_4607659_4607907_neg_387	-0.219604	-1	2
NC_064048.1_6109870_6110118_neg_388	0.133154	-1	4
NC_064047.1_9482001_9482249_neg_389	0.220943	-1	2
NC_064036.1_10789919_10790167_neg_390	-0.237317	-1	3
NC_064048.1_10543226_10543475_neg_391	-0.0122848	-1	1
NC_064034.1_1399542_1399790_neg_392	-0.218819	-1	1
NC_064046.1_15469261_15469509_neg_393	-1.01401	-1	2
NC_064039.1_5130906_5131155_neg_394	0.0875586	-1	5
NC_064038.1_11067207_11067456_neg_395	0.148073	-1	5
NC_064041.1_13124418_13124667_neg_396	0.631101	-1	3
NC_064037.1_15549751_15550000_neg_397	0.0203442	-1	5
NC_064044.1_5583334_5583583_neg_398	-0.0945006	-1	2
NC_064044.1_14494338_14494586_neg_399	0.146323	-1	5
NC_064048.1_4880407_4880655_neg_400	0.180293	-1	4
NC_064044.1_10521334_10521583_neg_401	-0.0615488	-1	3
NC_064038.1_15988864_15989113_neg_402	-0.13202	-1	5
NC_064045.1_6596922_6597171_neg_403	0.0196017	-1	4
NC_064039.1_3996822_3997070_neg_404	0.254251	-1	3
NC_064037.1_7616350_7616598_neg_405	0.335185	-1	4
NC_064034.1_4541061_4541310_neg_406	0.154295	-1	1
NC_064043.1_9666700_9666949_neg_407	-0.243587	-1	1
NC_064035.1_5914371_5914620_neg_408	0.183296	-1	1
NC_064037.1_9009642_9009890_neg_409	-0.15353	-1	2
NC_064045.1_12894264_12894512_neg_410	-0.174961	-1	1
NC_064048.1_11476425_11476673_neg_411	-0.0859864	-1	1
NC_064039.1_7741541_7741789_neg_412	0.267487	-1	4
NC_064036.1_17829359_17829607_neg_413	-0.124069	-1	4
NC_064045.1_15209084_15209333_neg_414	-0.0112322	-1	2
NC_064035.1_3653663_3653912_neg_415	-0.159287	-1	3
NC_064035.1_17036145_17036394_neg_416	-0.00522105	-1	3
NC_064048.1_12644944_12645192_neg_417	0.0822284	-1	4
NC_064045.1_794766_795015_neg_418	-0.546761	-1	1
NC_064044.1_10205871_10206119_neg_419	-0.321266	-1	2
NC_064043.1_6021335_6021583_neg_420	-0.0249905	-1	5
NC_064038.1_15534052_15534301_neg_421	-0.262937	-1	3
NC_064043.1_12842454_12842702_neg_422	-0.885301	-1	4
NC_064048.1_8636975_8637223_neg_423	-0.0273528	-1	5
NC_064045.1_16301680_16301929_neg_424	0.153492	-1	4
NC_064044.1_7402521_7402769_neg_425	-0.0990238	-1	4
NC_064034.1_12079804_12080053_neg_426	-0.281912	-1	3
NC_064042.1_10222244_10222493_neg_427	-0.666265	-1	3
NC_064048.1_6954055_6954303_neg_428	-0.402649	-1	4
NC_064043.1_1971639_1971888_neg_429	-0.159778	-1	2
NC_064040.1_3989608_3989857_neg_430	-0.498494	-1	4
NC_064034.1_18871719_18871967_neg_431	-0.242312	-1	3
NC_064040.1_1394620_1394868_neg_432	-0.440404	-1	3
NC_064039.1_12361185_12361434_neg_433	-0.0159588	-1	4
NC_064035.1_7923654_7923903_neg_434	0.0484928	-1	5
NC_064046.1_106264_106512_neg_435	0.0697088	-1	3
NC_064040.1_17839155_17839404_neg_436	-0.0910084	-1	2
NC_064036.1_15703549_15703798_neg_437	-0.106154	-1	3
NC_064042.1_10001941_10002190_neg_438	0.459348	-1	4
NC_064047.1_2651227_2651476_neg_439	-0.0255758	-1	2
NC_064037.1_1145975_1146224_neg_440	0.0962524	-1	1
NC_064046.1_15123578_15123827_neg_441	-0.538465	-1	5
NC_064041.1_12419353_12419602_neg_442	0.11775	-1	4
NC_064037.1_14142117_14142366_neg_443	-0.0971435	-1	2
NC_064039.1_1807834_1808083_neg_444	0.0246191	-1	4
NC_064041.1_11571641_11571890_neg_445	-0.394793	-1	3
NC_064036.1_10438263_10438512_neg_446	-0.315591	-1	1
NC_064048.1_11055939_11056188_neg_447	-0.28013	-1	4
NC_064036.1_11074946_11075195_neg_448	-0.159816	-1	4
NC_064045.1_4489670_4489918_neg_449	0.150581	-1	5
NC_064037.1_17231445_17231693_neg_450	0.23999	-1	2
NC_064045.1_6357474_6357723_neg_451	0.0785088	-1	3
NC_064043.1_9579916_9580165_neg_452	-0.0624811	-1	2
NC_064043.1_10848853_10849102_neg_453	0.061735	-1	5
NC_064046.1_7904833_7905082_neg_454	-0.0916193	-1	4
NC_064036.1_11804212_11804461_neg_455	0.000873969	-1	2
NC_064040.1_8374855_8375104_neg_456	-0.362063	-1	1
NC_064039.1_13059307_13059556_neg_457	-0.227026	-1	3
NC_064038.1_17270749_17270998_neg_458	0.0982796	-1	4
NC_064044.1_3364200_3364448_neg_459	-0.00820456	-1	2
NC_064047.1_2065822_2066071_neg_460	-0.162855	-1	3
NC_064041.1_9894752_9895001_neg_461	-0.0606494	-1	5
NC_064047.1_15307268_15307517_neg_462	-0.21817	-1	5
NC_064040.1_11986482_11986730_neg_463	0.326669	-1	5
NC_064035.1_15696355_15696604_neg_464	-0.203038	-1	3
NC_064042.1_12587450_12587699_neg_465	0.24705	-1	1
NC_064043.1_11186982_11187231_neg_466	-0.187378	-1	1
NC_064045.1_8504883_8505132_neg_467	0.316909	-1	4
NC_064039.1_6808756_6809005_neg_468	-0.587321	-1	2
NC_064043.1_16126816_16127064_neg_469	-0.172383	-1	4
NC_064040.1_4199787_4200036_neg_470	0.0131495	-1	5
NC_064035.1_20412229_20412478_neg_471	0.136534	-1	3
NC_064044.1_8387031_8387280_neg_472	0.0802197	-1	3
NC_064043.1_14978399_14978648_neg_473	-0.0842161	-1	1
NC_064038.1_3447078_3447327_neg_474	0.041009	-1	2
NC_064041.1_11002782_11003030_neg_475	0.0553478	-1	5
NC_064037.1_5991974_5992223_neg_476	-0.253981	-1	5
NC_064035.1_16705441_16705690_neg_477	-0.171704	-1	5
NC_064043.1_9157522_9157771_neg_478	-0.0260782	-1	4
NC_064034.1_3050465_3050714_neg_479	-0.0787091	-1	3
NC_064043.1_1241797_1242045_neg_480	-1.06134	-1	5
NC_064044.1_15917892_15918141_neg_481	-0.299922	-1	4
NC_064047.1_12252921_12253170_neg_482	0.101544	-1	1
NC_064039.1_3218289_3218538_neg_483	-0.283272	-1	1
NC_064034.1_330701_330949_neg_484	-1.08046	-1	4
NC_064043.1_1683376_1683624_neg_485	0.130946	-1	4
NC_064034.1_8717917_8718166_neg_486	-0.213339	-1	3
NC_064045.1_7365856_7366105_neg_487	-0.162386	-1	3
NC_064041.1_10236177_10236426_neg_488	0.00582708	-1	2
NC_064040.1_13931994_13932243_neg_489	0.0112092	-1	4
NC_064045.1_593036_593285_neg_490	-0.805405	-1	2
NC_064047.1_6876604_6876852_neg_491	0.204366	-1	2
NC_064044.1_13507158_13507407_neg_492	0.166065	-1	2
NC_064046.1_11106274_11106523_neg_493	0.0198192	-1	3
NC_064042.1_16577545_16577794_neg_494	-0.572868	-1	4
NC_064041.1_8797168_8797417_neg_495	-0.0760587	-1	4
NC_064042.1_3162822_3163071_neg_496	-0.000456789	-1	4
NC_064039.1_13267948_13268197_neg_497	-0.203448	-1	4
NC_064038.1_6177755_6178004_neg_498	0.156952	-1	5
NC_064041.1_7449340_7449589_neg_499	0.0866153	-1	3
NC_064044.1_8939125_8939374_neg_500	0.265708	-1	1
NC_064046.1_13698483_13698731_neg_501	-0.0289075	-1	1
NC_064041.1_7222156_7222405_neg_502	-0.0242643	-1	3
NC_064037.1_9517867_9518115_neg_503	0.0594361	-1	5
NC_064045.1_4947224_4947473_neg_504	-0.0254003	-1	1
NC_064046.1_2962571_2962820_neg_505	0.215536	-1	1
NC_064034.1_18863920_18864168_neg_506	0.0634573	-1	4
NC_064043.1_4570541_4570790_neg_507	0.373354	-1	4
NC_064034.1_1669444_1669693_neg_508	-0.18068	-1	2
NC_064035.1_14420336_14420585_neg_509	-0.143617	-1	2
NC_064034.1_22006083_22006331_neg_510	0.160995	-1	3
NC_064040.1_5417406_5417654_neg_511	-0.177997	-1	2
NC_064039.1_14121860_14122109_neg_512	-0.0710316	-1	1
NC_064035.1_6851377_6851626_neg_513	0.0987896	-1	4
NC_064034.1_4623223_4623472_neg_514	0.141329	-1	3
NC_064046.1_12963726_12963974_neg_515	-0.188917	-1	5
NC_064037.1_7928261_7928510_neg_516	0.214794	-1	1
NC_064047.1_13798514_13798763_neg_517	0.0471914	-1	2
NC_064044.1_15085567_15085816_neg_518	-0.0970101	-1	1
NC_064037.1_18942634_18942882_neg_519	-0.440975	-1	3
NC_064035.1_9165285_9165534_neg_520	-0.121312	-1	3
NC_064038.1_13578537_13578786_neg_521	0.303867	-1	3
NC_064035.1_19177981_19178230_neg_522	0.0645068	-1	1
NC_064036.1_6988602_6988851_neg_523	-0.349427	-1	5
NC_064040.1_16319990_16320238_neg_524	-0.14101	-1	3
NC_064048.1_10539498_10539746_neg_525	-0.0453121	-1	4
NC_064036.1_9536965_9537213_neg_526	-0.00180931	-1	5
NC_064041.1_16349118_16349367_neg_527	-0.0032939	-1	2
NC_064039.1_9337105_9337354_neg_528	-0.221105	-1	4
NC_064046.1_11174182_11174430_neg_529	-0.482961	-1	3
NC_064036.1_16615852_16616101_neg_530	0.122593	-1	1
NC_064042.1_9483928_9484176_neg_531	-0.530132	-1	3
NC_064046.1_5733235_5733484_neg_532	-0.065842	-1	5
NC_064042.1_14952668_14952917_neg_533	0.00155027	-1	3
NC_064045.1_4209825_4210073_neg_534	-0.488479	-1	4
NC_064045.1_10005049_10005298_neg_535	-0.583972	-1	3
NC_064034.1_3154309_3154558_neg_536	-0.169686	-1	1
NC_064038.1_65732_65981_neg_537	-0.0148377	-1	5
NC_064043.1_13139255_13139503_neg_538	0.198867	-1	4
NC_064037.1_18835772_18836020_neg_539	0.232945	-1	5
NC_064037.1_11413168_11413417_neg_540	-0.22519	-1	5
NC_064034.1_7724366_7724615_neg_541	-0.44664	-1	1
NC_064043.1_631734_631983_neg_542	-1.0396	-1	2
NC_064044.1_8640837_8641086_neg_543	-0.138951	-1	4
NC_064034.1_14013658_14013907_neg_544	0.0985456	-1	4
NC_064048.1_12467707_12467956_neg_545	0.515026	-1	1
NC_064035.1_4724988_4725236_neg_546	-0.0727533	-1	4
NC_064042.1_10869362_10869611_neg_547	0.00335109	-1	4
NC_064038.1_6498467_6498716_neg_548	0.281707	-1	3
NC_064037.1_424973_425222_neg_549	-0.889889	-1	3
NC_064039.1_6022026_6022275_neg_550	0.0904431	-1	3
NC_064039.1_8866034_8866283_neg_551	-0.0677294	-1	3
NC_064036.1_4379908_4380156_neg_552	0.199075	-1	4
NC_064040.1_7721784_7722032_neg_553	0.312039	-1	2
NC_064047.1_6950880_6951128_neg_554	0.0261509	-1	3
NC_064044.1_3813732_3813980_neg_555	-0.171132	-1	2
NC_064041.1_3236209_3236458_neg_556	-0.174144	-1	3
NC_064036.1_7951747_7951996_neg_557	0.12618	-1	1
NC_064047.1_77750_77999_neg_558	-0.648463	-1	5
NC_064047.1_6717247_6717496_neg_559	-0.0194611	-1	2
NC_064036.1_8455208_8455457_neg_560	-0.362688	-1	5
NC_064040.1_10527576_10527825_neg_561	-0.317846	-1	1
NC_064035.1_2654072_2654321_neg_562	-0.158073	-1	3
NC_064039.1_3353027_3353276_neg_563	-0.0110944	-1	5
NC_064044.1_2876207_2876455_neg_564	-0.256835	-1	4
NC_064044.1_4336525_4336774_neg_565	-0.244427	-1	3
NC_064042.1_2290153_2290401_neg_566	-0.137643	-1	3
NC_064035.1_2788529_2788778_neg_567	-0.315504	-1	1
NC_064045.1_7663732_7663980_neg_568	-0.00830716	-1	2
NC_064040.1_556940_557188_neg_569	-1.1034	-1	5
NC_064037.1_16803924_16804172_neg_570	-0.120171	-1	2
NC_064041.1_7923325_7923573_neg_571	-0.292318	-1	4
NC_064036.1_16022661_16022910_neg_572	-0.131438	-1	3
NC_064044.1_2807977_2808225_neg_573	-0.0897295	-1	1
NC_064047.1_8862231_8862480_neg_574	0.0662844	-1	1
NC_064039.1_4673499_4673748_neg_575	-0.0472541	-1	4
NC_064047.1_2918978_2919227_neg_576	0.105214	-1	4
NC_064040.1_11169856_11170105_neg_577	-0.146045	-1	4
NC_064041.1_643563_643811_neg_578	-0.165886	-1	3
NC_064040.1_38954_39203_neg_579	-0.973971	-1	5
NC_064044.1_7231661_7231909_neg_580	0.245779	-1	5
NC_064034.1_8075199_8075448_neg_581	-0.102099	-1	4
NC_064038.1_2579190_2579439_neg_582	-0.302405	-1	5
NC_064044.1_8348538_8348786_neg_583	0.009593	-1	2
NC_064034.1_17851276_17851525_neg_584	0.444773	-1	3
NC_064038.1_17385687_17385936_neg_585	-0.155561	-1	4
NC_064037.1_10665260_10665509_neg_586	0.160907	-1	5
NC_064041.1_16367245_16367494_neg_587	-0.0210985	-1	4
NC_064046.1_3039324_3039573_neg_588	0.0772999	-1	3
NC_064037.1_3219709_3219958_neg_589	0.0320341	-1	1
NC_064036.1_16701565_16701814_neg_590	-0.11489	-1	2
NC_064046.1_14762608_14762857_neg_591	-0.601057	-1	1
NC_064039.1_16366842_16367090_neg_592	0.0945439	-1	1
NC_064039.1_11757621_11757869_neg_593	-0.00336327	-1	1
NC_064038.1_14387569_14387817_neg_594	0.206197	-1	2
NC_064038.1_11078755_11079004_neg_595	0.193918	-1	4
NC_064036.1_9906683_9906932_neg_596	0.0597743	-1	4
NC_064042.1_650494_650743_neg_597	0.0187334	-1	4
NC_064047.1_9329583_9329832_neg_598	-0.162513	-1	2
NC_064039.1_11381228_11381477_neg_599	-0.0804154	-1	5
NC_064043.1_15073434_15073683_neg_600	-0.0345546	-1	1
NC_064040.1_9036939_9037188_neg_601	-0.195704	-1	5
NC_064039.1_2585469_2585717_neg_602	-0.058033	-1	2
NC_064044.1_13427704_13427952_neg_603	0.146029	-1	2
NC_064043.1_587122_587371_neg_604	-0.939883	-1	5
NC_064041.1_10285352_10285601_neg_605	0.149971	-1	1
NC_064045.1_13793247_13793496_neg_606	0.353861	-1	5
NC_064035.1_13366753_13367001_neg_607	-0.0691394	-1	2
NC_064044.1_9418452_9418700_neg_608	0.0190217	-1	1
NC_064037.1_18942923_18943171_neg_609	-0.273173	-1	5
NC_064034.1_14649811_14650059_neg_610	-0.00271456	-1	5
NC_064045.1_11183230_11183479_neg_611	-0.122059	-1	1
NC_064043.1_3082833_3083082_neg_612	-0.351585	-1	2
NC_064045.1_5342539_5342788_neg_613	0.291643	-1	2
NC_064044.1_2931_3180_neg_614	-0.844747	-1	2
NC_064041.1_3198403_3198652_neg_615	0.0404926	-1	5
NC_064042.1_7869973_7870221_neg_616	-0.0169172	-1	2
NC_064047.1_9358885_9359134_neg_617	0.189142	-1	5
NC_064038.1_4652625_4652873_neg_618	-0.141377	-1	3
NC_064039.1_6157538_6157787_neg_619	-0.0670737	-1	4
NC_064044.1_258343_258591_neg_620	-0.62284	-1	1
NC_064044.1_1955352_1955601_neg_621	-0.984609	-1	1
NC_064047.1_1762640_1762889_neg_622	0.063729	-1	4
NC_064042.1_5338410_5338659_neg_623	-0.0622649	-1	3
NC_064042.1_4918045_4918294_neg_624	-0.0141772	-1	1
NC_064042.1_16574558_16574807_neg_625	-0.868965	-1	3
NC_064040.1_15130942_15131190_neg_626	0.187492	-1	1
NC_064047.1_2424035_2424284_neg_627	0.60902	-1	5
NC_064046.1_12196056_12196305_neg_628	0.177891	-1	5
NC_064043.1_2423359_2423607_neg_629	0.148059	-1	4
NC_064036.1_5399465_5399714_neg_630	0.103419	-1	4
NC_064041.1_9818748_9818996_neg_631	-0.187509	-1	5
NC_064036.1_8545309_8545558_neg_632	0.158231	-1	5
NC_064046.1_8686014_8686263_neg_633	0.215851	-1	2
NC_064043.1_2258684_2258933_neg_634	-0.0259633	-1	1
NC_064042.1_6246408_6246657_neg_635	-0.21089	-1	1
NC_064045.1_3665130_3665378_neg_636	-0.00273047	-1	4
NC_064043.1_7503353_7503602_neg_637	0.184968	-1	2
NC_064043.1_15457047_15457296_neg_638	-0.0550231	-1	3
NC_064048.1_12977407_12977655_neg_639	-0.829068	-1	3
NC_064048.1_1780217_1780465_neg_640	-0.0701775	-1	5
NC_064044.1_3079113_3079361_neg_641	0.0314154	-1	1
NC_064044.1_7195043_7195291_neg_642	0.0254956	-1	1
NC_064036.1_14100903_14101152_neg_643	-0.268021	-1	1
NC_064040.1_662341_662590_neg_644	-0.898736	-1	3
NC_064039.1_12751578_12751827_neg_645	-0.536249	-1	5
NC_064036.1_15353189_15353437_neg_646	0.151602	-1	3
NC_064035.1_15960863_15961111_neg_647	-0.201546	-1	4
NC_064036.1_18846684_18846933_neg_648	-0.492707	-1	1
NC_064035.1_14228036_14228284_neg_649	-0.231398	-1	1
NC_064045.1_11225852_11226100_neg_650	-0.103967	-1	4
NC_064047.1_14809056_14809305_neg_651	-0.341937	-1	3
NC_064035.1_9225725_9225973_neg_652	0.0246027	-1	2
NC_064043.1_16179469_16179717_neg_653	-0.164559	-1	5
NC_064043.1_1442827_1443076_neg_654	-0.0331059	-1	2
NC_064045.1_7845643_7845891_neg_655	-0.0563806	-1	3
NC_064044.1_6220162_6220411_neg_656	-0.0188878	-1	5
NC_064040.1_2241111_2241360_neg_657	-0.0893546	-1	3
NC_064034.1_14339544_14339792_neg_658	-0.00725281	-1	2
NC_064036.1_13621171_13621420_neg_659	0.185701	-1	1
NC_064046.1_11079887_11080136_neg_660	-0.0403915	-1	3
NC_064037.1_437823_438071_neg_661	-0.148557	-1	2
NC_064048.1_6467771_6468020_neg_662	-0.217522	-1	3
NC_064040.1_4368682_4368930_neg_663	-0.0752991	-1	4
NC_064041.1_4300392_4300640_neg_664	-0.602312	-1	4
NC_064037.1_2081719_2081968_neg_665	-0.823928	-1	5
NC_064038.1_10927115_10927364_neg_666	0.0756072	-1	1
NC_064036.1_18227625_18227874_neg_667	0.118984	-1	5
NW_026019265.1_652_901_neg_668	-0.924738	-1	3
NC_064045.1_14352155_14352404_neg_669	0.358411	-1	1
NC_064039.1_16214942_16215191_neg_670	-0.263705	-1	4
NC_064034.1_5079924_5080173_neg_671	-0.221166	-1	3
NC_064039.1_13481692_13481941_neg_672	-0.0827855	-1	2
NC_064035.1_6392504_6392753_neg_673	-0.315213	-1	5
NC_064034.1_16611591_16611840_neg_674	-0.141838	-1	4
NC_064048.1_3760606_3760855_neg_675	-0.29494	-1	2
NC_064047.1_6261887_6262135_neg_676	-0.233322	-1	1
NC_064047.1_8875160_8875409_neg_677	-0.104429	-1	5
NC_064044.1_15367138_15367387_neg_678	0.341796	-1	1
NC_064040.1_9236845_9237094_neg_679	-0.411329	-1	1
NW_026019272.1_72104_72353_neg_680	-0.933417	-1	2
NC_064036.1_18307801_18308050_neg_681	-0.166783	-1	3
NC_064045.1_14556412_14556661_neg_682	0.0327726	-1	2
NC_064039.1_3836337_3836586_neg_683	0.173007	-1	3
NW_026019260.1_9407_9655_neg_684	-0.215554	-1	2
NC_064037.1_2448506_2448755_neg_685	-0.343374	-1	5
NC_064042.1_13254118_13254366_neg_686	-0.0831042	-1	2
NC_064043.1_3232317_3232566_neg_687	-0.143076	-1	3
NC_064044.1_2664165_2664414_neg_688	0.0510287	-1	5
NC_064047.1_7810520_7810768_neg_689	-0.219646	-1	4
NC_064045.1_8981485_8981734_neg_690	0.321162	-1	4
NC_064034.1_21584434_21584683_neg_691	-0.120537	-1	1
NC_064037.1_17938311_17938559_neg_692	-0.0630852	-1	3
NC_064046.1_12353476_12353724_neg_693	0.110536	-1	1
NC_064045.1_14550892_14551141_neg_694	0.0434523	-1	5
NC_064038.1_13263456_13263705_neg_695	-0.0904632	-1	1
NC_064036.1_17345874_17346122_neg_696	0.158539	-1	3
NC_064047.1_927378_927627_neg_697	0.381075	-1	1
NC_064036.1_19483131_19483380_neg_698	-0.169141	-1	4
NC_064036.1_16454787_16455036_neg_699	0.250201	-1	5
NC_064039.1_6399373_6399622_neg_700	0.101029	-1	4
