NC_064034.1_4713370_4713619_pos_1	0.360212	1	1
NC_064034.1_3769314_3769563_pos_2	0.189524	1	1
NC_064035.1_7157387_7157636_pos_3	0.159621	1	3
NC_064035.1_3510667_3510916_pos_4	0.246363	1	3
NC_064034.1_8059155_8059404_pos_5	0.365826	1	2
NC_064034.1_19427644_19427893_pos_6	0.145679	1	3
NC_064034.1_13056881_13057130_pos_7	0.380043	1	5
NC_064035.1_12540658_12540907_pos_8	0.41185	1	4
NC_064034.1_13179538_13179787_pos_9	0.0857654	1	4
NC_064034.1_13571994_13572243_pos_10	0.147874	1	2
NC_064034.1_19735643_19735892_pos_11	0.602916	1	2
NC_064035.1_15925296_15925544_pos_12	0.364657	1	1
NC_064035.1_16893252_16893501_pos_13	-0.0135294	1	5
NC_064035.1_1646527_1646776_pos_14	0.417432	1	4
NC_064035.1_3505583_3505832_pos_15	0.192525	1	2
NC_064034.1_19428911_19429160_pos_16	0.315529	1	4
NC_064034.1_2205786_2206035_pos_17	0.462103	1	1
NC_064035.1_12109830_12110079_pos_18	0.873298	1	5
NC_064034.1_13053825_13054074_pos_19	0.0690069	1	1
NC_064034.1_7136797_7137046_pos_20	0.469522	1	2
NC_064034.1_8059319_8059567_pos_21	-0.47913	1	2
NC_064034.1_10468097_10468346_pos_22	0.0622612	1	1
NC_064035.1_12940374_12940623_pos_23	0.00955568	1	1
NC_064034.1_3590535_3590784_pos_24	0.36282	1	3
NC_064035.1_18475759_18476008_pos_25	0.289269	1	4
NC_064035.1_1312048_1312297_pos_26	0.348171	1	4
NC_064035.1_9056292_9056541_pos_27	0.611597	1	5
NC_064034.1_12676978_12677227_pos_28	-0.00226594	1	1
NC_064034.1_20778718_20778967_pos_29	0.00340255	1	3
NC_064035.1_3457252_3457501_pos_30	-0.00746315	1	4
NC_064035.1_3496559_3496808_pos_31	0.0344221	1	3
NC_064035.1_4484788_4485037_pos_32	0.0915546	1	3
NC_064035.1_8929539_8929788_pos_33	0.0364595	1	5
NC_064035.1_11816889_11817138_pos_34	0.00646403	1	3
NC_064035.1_18420211_18420460_pos_35	0.411647	1	4
NC_064034.1_4567909_4568158_pos_36	0.216477	1	4
NC_064035.1_3420237_3420486_pos_37	0.250667	1	1
NC_064034.1_5545858_5546107_pos_38	0.25307	1	2
NC_064034.1_8717543_8717792_pos_39	-0.119294	1	1
NC_064035.1_18470618_18470867_pos_40	-0.0887542	1	4
NC_064034.1_4566820_4567069_pos_41	0.445312	1	1
NC_064034.1_14828751_14829000_pos_42	1.11123	1	2
NC_064034.1_2168493_2168742_pos_43	0.183839	1	5
NC_064034.1_2176576_2176825_pos_44	0.433696	1	3
NC_064034.1_13676345_13676594_pos_45	0.424132	1	4
NC_064034.1_3350066_3350315_pos_46	0.142536	1	4
NC_064034.1_19736651_19736900_pos_47	-0.117213	1	1
NC_064035.1_2440669_2440918_pos_48	0.246605	1	4
NC_064034.1_4569187_4569436_pos_49	0.282701	1	4
NC_064035.1_13385967_13386215_pos_50	-0.0867517	1	2
NC_064034.1_13088136_13088385_pos_51	0.0264216	1	3
NC_064035.1_6185703_6185952_pos_52	0.361208	1	5
NC_064034.1_4688143_4688392_pos_53	0.193386	1	2
NC_064035.1_19406419_19406668_pos_54	0.0388617	1	3
NC_064034.1_7322296_7322545_pos_55	0.158403	1	3
NC_064034.1_2945282_2945531_pos_56	0.102336	1	1
NC_064034.1_11595409_11595658_pos_57	0.127631	1	3
NC_064035.1_18096649_18096898_pos_58	0.597479	1	5
NC_064034.1_4184406_4184655_pos_59	0.251306	1	4
NC_064034.1_4572702_4572951_pos_60	0.061015	1	1
NC_064034.1_16236041_16236290_pos_61	0.335715	1	3
NC_064035.1_12136699_12136948_pos_62	-0.0930008	1	5
NC_064034.1_2294093_2294342_pos_63	0.0765457	1	4
NC_064034.1_3500335_3500584_pos_64	0.335848	1	1
NC_064035.1_7890947_7891196_pos_65	0.00717481	1	2
NC_064034.1_13083582_13083831_pos_66	-0.105793	1	5
NC_064035.1_18051901_18052150_pos_67	0.442018	1	1
NC_064035.1_1632495_1632744_pos_68	0.169936	1	2
NC_064035.1_17688971_17689220_pos_69	-0.12574	1	1
NC_064035.1_16355746_16355995_pos_70	0.154581	1	5
NC_064035.1_18049522_18049771_pos_71	0.806915	1	4
NC_064035.1_19262779_19263028_pos_72	0.267607	1	1
NC_064034.1_9234409_9234658_pos_73	0.615423	1	4
NC_064035.1_18876131_18876380_pos_74	0.305198	1	2
NC_064034.1_2292472_2292721_pos_75	0.240289	1	2
NC_064034.1_9863525_9863774_pos_76	0.230738	1	3
NC_064035.1_10942461_10942710_pos_77	-0.123167	1	5
NC_064035.1_17102520_17102769_pos_78	0.193256	1	2
NC_064035.1_5825713_5825962_pos_79	-0.221916	1	5
NC_064035.1_2844100_2844349_pos_80	0.407837	1	1
NC_064035.1_18263252_18263501_pos_81	0.00568987	1	2
NC_064034.1_5133250_5133499_pos_82	0.269126	1	2
NC_064035.1_7036465_7036714_pos_83	0.482998	1	4
NC_064035.1_8594975_8595224_pos_84	0.285911	1	2
NC_064035.1_5766248_5766497_pos_85	0.149351	1	1
NC_064034.1_7098966_7099215_pos_86	0.290033	1	4
NC_064034.1_18150346_18150595_pos_87	0.780524	1	1
NC_064034.1_2426749_2426998_pos_88	-0.258129	1	1
NC_064034.1_3499588_3499837_pos_89	0.301551	1	2
NC_064034.1_3768883_3769132_pos_90	-0.147957	1	2
NC_064034.1_4892228_4892477_pos_91	0.271578	1	2
NC_064034.1_5005478_5005727_pos_92	0.0304468	1	2
NC_064034.1_11033763_11034011_pos_93	0.122459	1	1
NC_064034.1_11739584_11739832_pos_94	-0.0108759	1	1
NC_064034.1_13593641_13593889_pos_95	0.0705677	1	2
NC_064034.1_16733889_16734138_pos_96	0.0130662	1	2
NC_064034.1_18692386_18692635_pos_97	0.0750075	1	3
NC_064034.1_19382061_19382310_pos_98	0.179633	1	5
NC_064034.1_19523674_19523923_pos_99	-0.0138153	1	3
NC_064034.1_19623168_19623416_pos_100	-0.07072	1	4
NC_064035.1_3456761_3457010_pos_101	-0.123622	1	2
NC_064035.1_4159044_4159293_pos_102	-0.0016687	1	4
NC_064035.1_7303369_7303617_pos_103	0.108475	1	3
NC_064035.1_10210802_10211051_pos_104	0.137203	1	1
NC_064035.1_10519471_10519720_pos_105	0.117326	1	2
NC_064035.1_10800376_10800625_pos_106	0.160457	1	3
NC_064035.1_11859862_11860110_pos_107	0.422332	1	4
NC_064035.1_15346769_15347018_pos_108	0.241082	1	5
NC_064035.1_16656677_16656926_pos_109	0.186339	1	5
NC_064035.1_17479796_17480045_pos_110	0.167256	1	2
NC_064035.1_17749955_17750204_pos_111	-0.0718623	1	1
NC_064034.1_19344284_19344533_pos_112	0.186963	1	5
NC_064034.1_1278624_1278873_pos_113	0.224865	1	1
NC_064034.1_7457510_7457759_pos_114	0.0835073	1	1
NC_064035.1_14632393_14632642_pos_115	-0.0496552	1	5
NC_064035.1_8458573_8458822_pos_116	0.00904971	1	1
NC_064035.1_13965006_13965255_pos_117	0.0980193	1	3
NC_064035.1_19116722_19116971_pos_118	-0.139024	1	2
NC_064034.1_12837892_12838141_pos_119	0.357811	1	5
NC_064034.1_2942807_2943056_pos_120	0.237649	1	1
NC_064034.1_21695001_21695250_pos_121	0.0820688	1	2
NC_064035.1_12281799_12282048_pos_122	-0.0519548	1	5
NC_064035.1_15052483_15052732_pos_123	0.355198	1	4
NC_064035.1_4408110_4408359_pos_124	0.518535	1	2
NC_064035.1_17835773_17836022_pos_125	-0.0214441	1	1
NC_064034.1_15803450_15803699_pos_126	-0.097488	1	4
NC_064034.1_4806859_4807108_pos_127	0.0437008	1	4
NC_064035.1_13512693_13512942_pos_128	0.268083	1	5
NC_064034.1_13054610_13054859_pos_129	0.0537827	1	5
NC_064035.1_19149568_19149817_pos_130	0.324322	1	2
NC_064034.1_9425306_9425555_pos_131	0.157677	1	3
NC_064035.1_15303923_15304172_pos_132	-0.223371	1	4
NC_064034.1_11209642_11209891_pos_133	0.359544	1	4
NC_064035.1_18240532_18240781_pos_134	0.420944	1	1
NC_064035.1_5559586_5559835_pos_135	0.207065	1	1
NC_064034.1_5173527_5173776_pos_136	0.0587552	1	2
NC_064035.1_9444805_9445054_pos_137	0.164163	1	5
NC_064034.1_13180143_13180392_pos_138	-0.0411244	1	2
NC_064035.1_11755625_11755874_pos_139	-0.145484	1	5
NC_064034.1_11823086_11823335_pos_140	0.563797	1	5
NC_064035.1_16352632_16352881_pos_141	0.302607	1	2
NC_064035.1_14831924_14832173_pos_142	0.249508	1	3
NC_064034.1_2175040_2175289_pos_143	0.297534	1	2
NC_064034.1_2407058_2407306_pos_144	0.372635	1	1
NC_064034.1_2745655_2745903_pos_145	-0.35611	1	2
NC_064034.1_2949966_2950215_pos_146	0.153553	1	1
NC_064034.1_3352162_3352411_pos_147	0.488869	1	1
NC_064034.1_5275450_5275699_pos_148	0.688973	1	4
NC_064034.1_7974829_7975078_pos_149	0.208691	1	5
NC_064034.1_11248027_11248275_pos_150	0.0626385	1	5
NC_064034.1_11822189_11822438_pos_151	0.0930664	1	1
NC_064034.1_18295042_18295291_pos_152	0.18495	1	5
NC_064034.1_20558425_20558674_pos_153	0.212737	1	3
NC_064035.1_1136274_1136523_pos_154	0.157113	1	4
NC_064035.1_2714765_2715014_pos_155	0.40875	1	5
NC_064035.1_3500156_3500405_pos_156	-0.122218	1	2
NC_064035.1_5645073_5645322_pos_157	-0.211092	1	5
NC_064035.1_6404342_6404591_pos_158	0.121983	1	3
NC_064035.1_7365288_7365536_pos_159	0.384159	1	1
NC_064035.1_8112841_8113090_pos_160	0.0534873	1	2
NC_064035.1_12313759_12314008_pos_161	0.155755	1	2
NC_064035.1_13767719_13767967_pos_162	0.117336	1	3
NC_064035.1_18454365_18454614_pos_163	0.354211	1	5
NC_064035.1_14210263_14210512_pos_164	0.403198	1	2
NC_064035.1_4829432_4829681_pos_165	0.190789	1	2
NC_064034.1_16885435_16885684_pos_166	0.157504	1	1
NC_064034.1_8232593_8232842_pos_167	0.059782	1	3
NC_064034.1_13000533_13000782_pos_168	0.00230534	1	1
NC_064034.1_13689341_13689590_pos_169	0.0394983	1	2
NC_064034.1_19255102_19255351_pos_170	0.0889892	1	5
NC_064035.1_16539038_16539287_pos_171	0.162886	1	5
NC_064035.1_11014761_11015010_pos_172	0.659025	1	3
NC_064035.1_8228771_8229020_pos_173	0.062528	1	2
NC_064035.1_2506143_2506392_pos_174	-0.0585913	1	4
NC_064035.1_6149037_6149286_pos_175	-0.146898	1	3
NC_064034.1_7964933_7965182_pos_176	0.062158	1	4
NC_064034.1_3362229_3362478_pos_177	0.258992	1	4
NC_064035.1_6608451_6608700_pos_178	0.412794	1	4
NC_064035.1_16479237_16479486_pos_179	0.989105	1	1
NC_064034.1_4231389_4231638_pos_180	0.595203	1	5
NC_064034.1_5878649_5878898_pos_181	0.190074	1	5
NC_064034.1_15772212_15772461_pos_182	0.108722	1	2
NC_064035.1_9503907_9504156_pos_183	0.381454	1	2
NC_064035.1_16765049_16765298_pos_184	0.290557	1	1
NC_064035.1_1632780_1633029_pos_185	0.148606	1	4
NC_064035.1_10053249_10053498_pos_186	0.093209	1	1
NC_064034.1_17392822_17393070_pos_187	0.308155	1	5
NC_064034.1_17492131_17492380_pos_188	0.329911	1	2
NC_064035.1_15561363_15561611_pos_189	0.080758	1	5
NC_064034.1_11605418_11605667_pos_190	-0.309459	1	5
NC_064034.1_10582626_10582875_pos_191	0.413248	1	1
NC_064035.1_17255032_17255281_pos_192	0.613362	1	1
NC_064034.1_6798651_6798900_pos_193	-0.109743	1	3
NC_064034.1_11279311_11279560_pos_194	0.0133861	1	4
NC_064034.1_19308775_19309023_pos_195	0.150802	1	4
NC_064035.1_8830071_8830319_pos_196	0.187107	1	5
NC_064035.1_16344176_16344424_pos_197	-0.131192	1	1
NC_064034.1_21152278_21152527_pos_198	0.204929	1	3
NC_064035.1_5425955_5426204_pos_199	0.0731217	1	5
NC_064035.1_16895003_16895252_pos_200	0.0251109	1	4
NC_064035.1_14178010_14178259_pos_201	0.51906	1	3
NC_064035.1_16539850_16540099_pos_202	0.239775	1	1
NC_064034.1_2407872_2408121_pos_203	0.848844	1	5
NC_064035.1_12108633_12108882_pos_204	0.0193935	1	4
NC_064035.1_19254491_19254740_pos_205	0.160594	1	2
NC_064035.1_7036618_7036866_pos_206	0.0850003	1	5
NC_064034.1_15286858_15287106_pos_207	-0.00612537	1	1
NC_064034.1_6727210_6727459_pos_208	0.144924	1	4
NC_064034.1_10031072_10031321_pos_209	0.0207968	1	3
NC_064034.1_16435069_16435318_pos_210	0.248093	1	5
NC_064035.1_15206948_15207197_pos_211	0.379692	1	2
NC_064035.1_18571279_18571528_pos_212	0.34109	1	5
NC_064034.1_2946979_2947228_pos_213	0.317912	1	2
NC_064034.1_8205869_8206118_pos_214	0.112985	1	4
NC_064034.1_14832351_14832600_pos_215	0.444241	1	4
NC_064034.1_13303401_13303650_pos_216	0.152121	1	5
NC_064034.1_4462808_4463057_pos_217	-0.20214	1	5
NC_064034.1_10137827_10138076_pos_218	0.348651	1	4
NC_064034.1_8220480_8220729_pos_219	0.214319	1	2
NC_064035.1_11926216_11926465_pos_220	0.0215563	1	5
NC_064035.1_7158078_7158327_pos_221	0.0523496	1	3
NC_064035.1_17827518_17827767_pos_222	0.298862	1	5
NC_064034.1_16498672_16498921_pos_223	0.226267	1	4
NC_064034.1_2054025_2054274_pos_224	0.117127	1	1
NC_064034.1_2200953_2201202_pos_225	-0.490106	1	4
NC_064034.1_2680240_2680488_pos_226	-0.277968	1	2
NC_064034.1_5664056_5664304_pos_227	0.171375	1	3
NC_064034.1_6176099_6176348_pos_228	-0.243749	1	5
NC_064034.1_6176938_6177186_pos_229	0.0556936	1	1
NC_064034.1_6725089_6725338_pos_230	0.0698168	1	3
NC_064034.1_6842751_6842999_pos_231	-0.103555	1	5
NC_064034.1_7072119_7072368_pos_232	-0.149197	1	2
NC_064034.1_9690720_9690969_pos_233	0.136984	1	1
NC_064034.1_10265786_10266034_pos_234	0.103181	1	5
NC_064034.1_10297625_10297873_pos_235	-0.0632682	1	2
NC_064034.1_10463217_10463466_pos_236	0.25749	1	1
NC_064034.1_11859401_11859649_pos_237	0.0192789	1	4
NC_064034.1_12382912_12383161_pos_238	0.452575	1	5
NC_064034.1_12418478_12418727_pos_239	-0.247914	1	2
NC_064034.1_13236903_13237152_pos_240	0.0847671	1	1
NC_064034.1_13524187_13524435_pos_241	-0.0470582	1	2
NC_064034.1_14761176_14761424_pos_242	-0.38606	1	3
NC_064034.1_15953905_15954154_pos_243	-0.0778226	1	4
NC_064034.1_15958405_15958654_pos_244	0.522352	1	5
NC_064034.1_17211317_17211565_pos_245	-0.523941	1	2
NC_064034.1_20070287_20070536_pos_246	0.428976	1	5
NC_064034.1_20392487_20392735_pos_247	0.0213193	1	4
NC_064034.1_21014210_21014458_pos_248	0.574182	1	4
NC_064034.1_21865848_21866096_pos_249	-0.0801417	1	4
NC_064035.1_1018080_1018329_pos_250	0.183172	1	3
NC_064035.1_1394057_1394306_pos_251	0.428123	1	5
NC_064035.1_2029620_2029869_pos_252	0.0826476	1	1
NC_064035.1_2600706_2600955_pos_253	-0.128049	1	3
NC_064035.1_2762713_2762962_pos_254	0.127735	1	1
NC_064035.1_2913974_2914222_pos_255	-0.257772	1	2
NC_064035.1_3298695_3298943_pos_256	0.28804	1	2
NC_064035.1_4152490_4152738_pos_257	0.248618	1	3
NC_064035.1_4539784_4540032_pos_258	-0.329422	1	1
NC_064035.1_4759508_4759757_pos_259	-0.270216	1	1
NC_064035.1_4919283_4919532_pos_260	0.17022	1	2
NC_064035.1_5337836_5338084_pos_261	0.0246854	1	2
NC_064035.1_7875726_7875975_pos_262	0.181729	1	5
NC_064035.1_8175995_8176243_pos_263	-0.158446	1	2
NC_064035.1_8800745_8800994_pos_264	0.111631	1	4
NC_064035.1_9130412_9130660_pos_265	-0.0401864	1	4
NC_064035.1_9136153_9136401_pos_266	0.185903	1	2
NC_064035.1_9444041_9444290_pos_267	0.0506609	1	5
NC_064035.1_11383846_11384095_pos_268	0.101959	1	2
NC_064035.1_11532023_11532271_pos_269	-0.335067	1	2
NC_064035.1_11642597_11642845_pos_270	-0.0433821	1	1
NC_064035.1_13479577_13479826_pos_271	0.259588	1	1
NC_064035.1_13992692_13992940_pos_272	0.330549	1	4
NC_064035.1_14389464_14389712_pos_273	0.231135	1	5
NC_064035.1_14815337_14815586_pos_274	0.126404	1	1
NC_064035.1_15001591_15001840_pos_275	0.42196	1	4
NC_064035.1_15253658_15253906_pos_276	0.347924	1	2
NC_064035.1_16762041_16762290_pos_277	-0.118965	1	1
NC_064035.1_16768683_16768932_pos_278	-0.231352	1	3
NC_064035.1_16780549_16780798_pos_279	-0.146206	1	5
NC_064035.1_17099333_17099581_pos_280	-0.0348581	1	4
NC_064035.1_17503133_17503381_pos_281	0.404476	1	1
NC_064035.1_17672278_17672527_pos_282	0.371378	1	2
NC_064035.1_18167532_18167781_pos_283	0.0564319	1	4
NC_064035.1_18374972_18375221_pos_284	0.222823	1	5
NC_064035.1_18446664_18446912_pos_285	-0.238538	1	4
NC_064035.1_18790150_18790399_pos_286	0.192289	1	5
NC_064035.1_19231054_19231302_pos_287	-0.016908	1	2
NC_064035.1_19250757_19251006_pos_288	0.209598	1	5
NC_064034.1_14446036_14446285_pos_289	-0.0371667	1	5
NC_064034.1_18387248_18387497_pos_290	0.359531	1	1
NC_064034.1_17341353_17341602_pos_291	-0.0673598	1	2
NC_064034.1_11825931_11826180_pos_292	0.0587217	1	5
NC_064034.1_17201914_17202163_pos_293	0.868527	1	3
NC_064035.1_5736255_5736504_pos_294	-0.0985682	1	3
NC_064034.1_13713904_13714153_pos_295	0.11137	1	4
NC_064035.1_12105908_12106157_pos_296	0.405393	1	1
NC_064035.1_17355210_17355459_pos_297	0.242068	1	5
NC_064034.1_14829515_14829764_pos_298	0.258895	1	3
NC_064034.1_3779606_3779855_pos_299	0.273691	1	1
NC_064035.1_4198257_4198506_pos_300	0.219722	1	5
NC_064035.1_5827133_5827382_pos_301	0.374566	1	1
NC_064035.1_6224850_6225099_pos_302	-0.172091	1	1
NC_064034.1_2252899_2253148_pos_303	0.203285	1	1
NC_064034.1_2198516_2198765_pos_304	0.0209166	1	3
NC_064034.1_13052279_13052528_pos_305	0.210582	1	2
NC_064035.1_9550136_9550385_pos_306	0.211612	1	2
NC_064034.1_3809615_3809864_pos_307	0.0990327	1	1
NC_064034.1_8430009_8430258_pos_308	0.119496	1	4
NC_064035.1_15291242_15291491_pos_309	-0.0666015	1	2
NC_064034.1_4479895_4480144_pos_310	-0.177457	1	2
NC_064035.1_12297715_12297964_pos_311	0.280358	1	5
NC_064035.1_16918246_16918495_pos_312	0.311111	1	2
NC_064034.1_7499618_7499866_pos_313	0.196906	1	1
NC_064034.1_4573204_4573453_pos_314	0.044561	1	3
NC_064034.1_11882606_11882855_pos_315	0.562788	1	5
NC_064035.1_4935053_4935301_pos_316	0.148802	1	1
NC_064035.1_5848122_5848371_pos_317	0.0724114	1	1
NC_064035.1_16355161_16355410_pos_318	0.226311	1	1
NC_064035.1_16800032_16800281_pos_319	-0.252659	1	4
NC_064035.1_2205175_2205424_pos_320	0.52156	1	5
NC_064035.1_9057740_9057989_pos_321	0.0838188	1	2
NC_064035.1_16659540_16659789_pos_322	0.271673	1	2
NC_064035.1_16767891_16768140_pos_323	0.0247783	1	4
NC_064035.1_18632188_18632437_pos_324	0.199127	1	1
NC_064034.1_12655585_12655834_pos_325	0.37002	1	3
NC_064035.1_1021324_1021573_pos_326	0.0461951	1	1
NC_064035.1_6170199_6170447_pos_327	0.186105	1	1
NC_064035.1_18501199_18501447_pos_328	0.00998039	1	3
NC_064034.1_10542935_10543184_pos_329	-0.0492235	1	2
NC_064034.1_4710107_4710356_pos_330	-0.318328	1	1
NC_064034.1_12719552_12719800_pos_331	0.34171	1	1
NC_064034.1_16523710_16523958_pos_332	0.091849	1	3
NC_064035.1_4476275_4476524_pos_333	-0.0147842	1	3
NC_064035.1_7156823_7157072_pos_334	0.0412672	1	2
NC_064035.1_12982269_12982518_pos_335	0.0894322	1	4
NC_064034.1_3350391_3350640_pos_336	0.249237	1	5
NC_064034.1_3788365_3788613_pos_337	0.227876	1	5
NC_064034.1_4677909_4678158_pos_338	0.368584	1	4
NC_064034.1_3354256_3354505_pos_339	0.257186	1	3
NC_064035.1_13665755_13666004_pos_340	-0.0296287	1	4
NC_064034.1_9454961_9455210_pos_341	-0.121774	1	3
NC_064034.1_21808058_21808307_pos_342	-0.0784443	1	2
NC_064034.1_17211112_17211361_pos_343	-0.15543	1	4
NC_064034.1_13501872_13502121_pos_344	-0.00120273	1	4
NC_064035.1_3542283_3542532_pos_345	-0.0586764	1	4
NC_064035.1_5580473_5580722_pos_346	0.299596	1	1
NC_064034.1_18345936_18346185_pos_347	0.837492	1	5
NC_064035.1_14750730_14750979_pos_348	0.178527	1	5
NC_064035.1_12296244_12296493_pos_349	0.518253	1	3
NC_064034.1_1877702_1877951_pos_350	0.176751	1	3
NC_064035.1_8160394_8160643_pos_351	0.112708	1	3
NC_064034.1_8862623_8862871_pos_352	0.0760794	1	3
NC_064034.1_15420296_15420545_pos_353	0.227625	1	2
NC_064035.1_19488115_19488364_pos_354	0.136677	1	4
NC_064035.1_3600340_3600589_pos_355	0.295287	1	3
NC_064035.1_5766421_5766669_pos_356	-0.171524	1	2
NC_064035.1_5218903_5219152_pos_357	0.161958	1	5
NC_064035.1_18261516_18261765_pos_358	0.0809459	1	2
NC_064035.1_18942266_18942515_pos_359	0.667659	1	3
NC_064034.1_21420405_21420654_pos_360	0.172492	1	3
NC_064034.1_11579990_11580239_pos_361	0.228093	1	5
NC_064034.1_11033949_11034198_pos_362	0.56851	1	3
NC_064035.1_950934_951183_pos_363	0.392524	1	2
NC_064035.1_18596137_18596386_pos_364	-0.182946	1	1
NC_064034.1_2081374_2081623_pos_365	0.197696	1	4
NC_064035.1_5692078_5692327_pos_366	0.196088	1	3
NC_064034.1_17547138_17547387_pos_367	0.587383	1	3
NC_064034.1_12861369_12861618_pos_368	0.227668	1	3
NC_064034.1_9468034_9468283_pos_369	0.354941	1	3
NC_064034.1_18646002_18646251_pos_370	0.431635	1	5
NC_064035.1_18263559_18263808_pos_371	0.570546	1	1
NC_064034.1_9218731_9218980_pos_372	0.0308952	1	4
NC_064034.1_15241759_15242008_pos_373	0.163614	1	1
NC_064034.1_21478068_21478317_pos_374	-0.124523	1	5
NC_064035.1_7605422_7605671_pos_375	-0.0437331	1	2
NC_064035.1_9651013_9651262_pos_376	0.251221	1	3
NC_064035.1_9754331_9754580_pos_377	0.126011	1	2
NC_064034.1_16735652_16735901_pos_378	0.188931	1	1
NC_064034.1_19355009_19355258_pos_379	0.0814955	1	3
NC_064035.1_927640_927888_pos_380	0.402685	1	5
NC_064034.1_20253410_20253659_pos_381	0.24416	1	5
NC_064034.1_5135489_5135738_pos_382	0.247617	1	3
NC_064035.1_13098026_13098275_pos_383	0.329301	1	2
NC_064035.1_14576667_14576916_pos_384	0.350882	1	4
NC_064035.1_10633849_10634098_pos_385	0.31004	1	3
NC_064034.1_5171984_5172233_pos_386	0.451543	1	5
NC_064034.1_19984264_19984513_pos_387	0.0443968	1	4
NC_064035.1_8997118_8997367_pos_388	0.271194	1	5
NC_064034.1_13501347_13501596_pos_389	0.281067	1	3
NC_064035.1_14514444_14514693_pos_390	0.414891	1	1
NC_064035.1_14708190_14708439_pos_391	0.361466	1	3
NC_064035.1_13033065_13033314_pos_392	-0.200962	1	5
NC_064034.1_16009769_16010018_pos_393	0.00206216	1	3
NC_064035.1_9113846_9114094_pos_394	-0.000703745	1	4
NC_064034.1_1351964_1352213_pos_395	-0.151355	1	1
NC_064034.1_1436827_1437075_pos_396	-0.260519	1	3
NC_064034.1_1661472_1661721_pos_397	0.238418	1	3
NC_064034.1_1835035_1835283_pos_398	0.163746	1	1
NC_064034.1_1983408_1983656_pos_399	0.03784	1	3
NC_064034.1_2048229_2048478_pos_400	0.104302	1	2
NC_064034.1_2398137_2398385_pos_401	0.162902	1	4
NC_064034.1_2799338_2799587_pos_402	0.00465814	1	2
NC_064034.1_2845106_2845354_pos_403	-0.218188	1	5
NC_064034.1_2953796_2954044_pos_404	-0.0160745	1	3
NC_064034.1_3008647_3008895_pos_405	0.317502	1	5
NC_064034.1_3110592_3110840_pos_406	-0.117005	1	4
NC_064034.1_3173041_3173289_pos_407	0.0982979	1	2
NC_064034.1_3462723_3462972_pos_408	0.324276	1	3
NC_064034.1_3469617_3469865_pos_409	0.197599	1	2
NC_064034.1_3753512_3753760_pos_410	-0.130426	1	4
NC_064034.1_4390547_4390796_pos_411	0.341803	1	3
NC_064034.1_4509137_4509386_pos_412	0.0116322	1	4
NC_064034.1_4632825_4633073_pos_413	0.49082	1	4
NC_064034.1_4651947_4652195_pos_414	-0.505383	1	5
NC_064034.1_4867551_4867800_pos_415	0.346122	1	4
NC_064034.1_5158446_5158695_pos_416	0.255385	1	5
NC_064034.1_5385452_5385701_pos_417	0.348047	1	5
NC_064034.1_5551168_5551417_pos_418	0.0639398	1	2
NC_064034.1_5659650_5659899_pos_419	0.458	1	5
NC_064034.1_5722231_5722480_pos_420	0.342276	1	1
NC_064034.1_6262626_6262875_pos_421	0.176402	1	3
NC_064034.1_7404680_7404929_pos_422	0.310355	1	5
NC_064034.1_7409452_7409701_pos_423	0.105307	1	3
NC_064034.1_7591409_7591658_pos_424	0.0481393	1	5
NC_064034.1_7686436_7686684_pos_425	-0.125406	1	3
NC_064034.1_7879223_7879472_pos_426	0.00465306	1	4
NC_064034.1_8592368_8592616_pos_427	0.228717	1	5
NC_064034.1_8630898_8631147_pos_428	-0.00180962	1	3
NC_064034.1_9773055_9773304_pos_429	0.104091	1	3
NC_064034.1_9956065_9956313_pos_430	-0.29513	1	3
NC_064034.1_10297451_10297700_pos_431	0.137017	1	1
NC_064034.1_10297785_10298034_pos_432	-0.0608832	1	4
NC_064034.1_10387242_10387490_pos_433	-0.0201712	1	5
NC_064034.1_10474475_10474724_pos_434	0.172031	1	5
NC_064034.1_10718869_10719117_pos_435	0.0821738	1	5
NC_064034.1_10943773_10944021_pos_436	0.098057	1	4
NC_064034.1_11052826_11053074_pos_437	0.252129	1	5
NC_064034.1_11258501_11258750_pos_438	0.258899	1	2
NC_064034.1_11292380_11292628_pos_439	0.231856	1	1
NC_064034.1_11533354_11533603_pos_440	0.0397572	1	2
NC_064034.1_11737734_11737983_pos_441	0.274638	1	2
NC_064034.1_11882086_11882334_pos_442	0.848259	1	4
NC_064034.1_12560536_12560784_pos_443	0.407437	1	5
NC_064034.1_12754354_12754603_pos_444	-0.106893	1	4
NC_064034.1_13169041_13169290_pos_445	0.18283	1	4
NC_064034.1_13424095_13424344_pos_446	0.0353882	1	5
NC_064034.1_13528114_13528363_pos_447	0.492708	1	2
NC_064034.1_13596905_13597154_pos_448	0.211456	1	2
NC_064034.1_14796787_14797036_pos_449	0.331677	1	5
NC_064034.1_14854824_14855072_pos_450	0.216391	1	2
NC_064034.1_15419754_15420003_pos_451	-0.112028	1	1
NC_064034.1_15762349_15762598_pos_452	0.133838	1	5
NC_064034.1_16129334_16129582_pos_453	0.345571	1	1
NC_064034.1_16386627_16386876_pos_454	0.159548	1	5
NC_064034.1_16458516_16458764_pos_455	0.300815	1	3
NC_064034.1_16581065_16581313_pos_456	0.170602	1	3
NC_064034.1_16603092_16603340_pos_457	0.13812	1	1
NC_064034.1_17209219_17209467_pos_458	-0.177573	1	3
NC_064034.1_17267437_17267685_pos_459	0.355872	1	4
NC_064034.1_17567170_17567418_pos_460	0.203918	1	1
NC_064034.1_17624921_17625169_pos_461	-0.370263	1	3
NC_064034.1_17718425_17718673_pos_462	0.0172878	1	5
NC_064034.1_17866876_17867125_pos_463	0.270673	1	4
NC_064034.1_18545737_18545985_pos_464	0.10223	1	5
NC_064034.1_18677026_18677274_pos_465	0.307843	1	3
NC_064034.1_18689621_18689870_pos_466	0.00606894	1	3
NC_064034.1_18690762_18691011_pos_467	-0.0420565	1	2
NC_064034.1_18717375_18717624_pos_468	0.021747	1	4
NC_064034.1_18728785_18729034_pos_469	0.283776	1	4
NC_064034.1_18785974_18786222_pos_470	0.0987855	1	4
NC_064034.1_18793224_18793473_pos_471	-0.109685	1	5
NC_064034.1_18946912_18947161_pos_472	0.113213	1	2
NC_064034.1_18950268_18950517_pos_473	0.442653	1	3
NC_064034.1_19043639_19043888_pos_474	-0.242091	1	4
NC_064034.1_19106631_19106879_pos_475	0.298597	1	1
NC_064034.1_19329094_19329343_pos_476	-0.0234004	1	4
NC_064034.1_20048223_20048472_pos_477	0.116073	1	2
NC_064034.1_20233090_20233339_pos_478	-0.0739048	1	2
NC_064034.1_20277085_20277334_pos_479	0.107248	1	4
NC_064034.1_20508432_20508680_pos_480	-0.122747	1	5
NC_064034.1_20584877_20585125_pos_481	0.201233	1	3
NC_064034.1_20610161_20610409_pos_482	0.119972	1	3
NC_064034.1_21055628_21055877_pos_483	0.0294078	1	1
NC_064034.1_21089621_21089869_pos_484	0.0671653	1	5
NC_064034.1_21133475_21133723_pos_485	0.29281	1	3
NC_064034.1_21207254_21207503_pos_486	0.121922	1	3
NC_064034.1_21607774_21608022_pos_487	0.0631212	1	3
NC_064034.1_21639871_21640120_pos_488	0.352254	1	1
NC_064034.1_21793032_21793281_pos_489	0.30181	1	1
NC_064034.1_21873279_21873528_pos_490	0.111205	1	3
NC_064034.1_22054500_22054748_pos_491	-0.000541076	1	1
NC_064035.1_1397258_1397507_pos_492	-0.190014	1	4
NC_064035.1_1454662_1454910_pos_493	-0.231629	1	3
NC_064035.1_1585846_1586094_pos_494	0.282909	1	2
NC_064035.1_1941040_1941288_pos_495	0.276434	1	1
NC_064035.1_2131308_2131556_pos_496	0.0310372	1	2
NC_064035.1_2152972_2153220_pos_497	-0.128303	1	4
NC_064035.1_2341996_2342244_pos_498	-0.0505835	1	3
NC_064035.1_2470230_2470479_pos_499	0.500622	1	3
NC_064035.1_2588553_2588802_pos_500	-0.0316242	1	1
NC_064035.1_2660823_2661072_pos_501	0.183114	1	3
NC_064035.1_3435336_3435585_pos_502	-0.179562	1	3
NC_064035.1_3491979_3492228_pos_503	-0.10918	1	5
NC_064035.1_3506281_3506530_pos_504	0.167343	1	3
NC_064035.1_3529916_3530164_pos_505	0.210491	1	3
NC_064035.1_3890116_3890364_pos_506	-0.213493	1	2
NC_064035.1_4096856_4097104_pos_507	0.282693	1	4
NC_064035.1_4544847_4545096_pos_508	0.369327	1	3
NC_064035.1_4804095_4804343_pos_509	-0.204936	1	5
NC_064035.1_5042397_5042645_pos_510	0.23705	1	2
NC_064035.1_5054108_5054357_pos_511	0.225226	1	2
NC_064035.1_5068377_5068626_pos_512	0.295293	1	1
NC_064035.1_5163152_5163401_pos_513	0.0690832	1	4
NC_064035.1_5394019_5394268_pos_514	-0.104801	1	4
NC_064035.1_5603435_5603683_pos_515	0.254642	1	3
NC_064035.1_5958854_5959102_pos_516	0.292889	1	2
NC_064035.1_5989651_5989899_pos_517	0.308672	1	4
NC_064035.1_6148615_6148864_pos_518	0.0886262	1	1
NC_064035.1_6211609_6211857_pos_519	0.417624	1	2
NC_064035.1_6509394_6509642_pos_520	-1.02408	1	3
NC_064035.1_6631399_6631647_pos_521	0.0382371	1	5
NC_064035.1_6689734_6689983_pos_522	0.231788	1	4
NC_064035.1_6697384_6697633_pos_523	0.181086	1	4
NC_064035.1_7339987_7340236_pos_524	0.375399	1	2
NC_064035.1_7855554_7855802_pos_525	0.108207	1	3
NC_064035.1_8041143_8041391_pos_526	0.113679	1	5
NC_064035.1_8223610_8223858_pos_527	0.0545074	1	4
NC_064035.1_8249917_8250165_pos_528	0.235741	1	3
NC_064035.1_9145321_9145569_pos_529	-0.190716	1	4
NC_064035.1_9297897_9298146_pos_530	0.181745	1	2
NC_064035.1_9348455_9348704_pos_531	0.084294	1	1
NC_064035.1_9348610_9348858_pos_532	-0.44155	1	1
NC_064035.1_9435532_9435780_pos_533	0.0220703	1	3
NC_064035.1_9507224_9507473_pos_534	0.149451	1	2
NC_064035.1_9540317_9540566_pos_535	0.208688	1	1
NC_064035.1_9599202_9599451_pos_536	0.00998208	1	4
NC_064035.1_9665814_9666063_pos_537	0.0861485	1	4
NC_064035.1_9795336_9795584_pos_538	0.425199	1	1
NC_064035.1_9857555_9857804_pos_539	0.459723	1	4
NC_064035.1_9945172_9945420_pos_540	-0.426946	1	1
NC_064035.1_10323330_10323578_pos_541	0.188701	1	4
NC_064035.1_10374395_10374643_pos_542	0.183682	1	1
NC_064035.1_10725150_10725399_pos_543	0.154276	1	2
NC_064035.1_10772442_10772691_pos_544	0.0721611	1	5
NC_064035.1_11579008_11579257_pos_545	0.112138	1	5
NC_064035.1_11721879_11722128_pos_546	-0.157448	1	5
NC_064035.1_11747909_11748158_pos_547	0.0395514	1	3
NC_064035.1_12110051_12110299_pos_548	-0.413916	1	2
NC_064035.1_12322422_12322670_pos_549	-0.0942035	1	3
NC_064035.1_12558987_12559235_pos_550	-0.0405607	1	2
NC_064035.1_12597006_12597254_pos_551	0.0762592	1	1
NC_064035.1_12849083_12849331_pos_552	-0.11452	1	5
NC_064035.1_12915348_12915597_pos_553	-0.336852	1	1
NC_064035.1_13051390_13051638_pos_554	0.259827	1	1
NC_064035.1_13104933_13105182_pos_555	0.193192	1	5
NC_064035.1_13226099_13226347_pos_556	-0.221093	1	4
NC_064035.1_13547929_13548177_pos_557	-0.0484114	1	4
NC_064035.1_13657227_13657476_pos_558	0.21007	1	4
NC_064035.1_14752150_14752399_pos_559	-0.0815897	1	3
NC_064035.1_15071912_15072160_pos_560	0.257653	1	5
NC_064035.1_15111925_15112173_pos_561	0.438506	1	1
NC_064035.1_15405866_15406114_pos_562	-0.398293	1	1
NC_064035.1_15651293_15651541_pos_563	0.0616948	1	5
NC_064035.1_15682037_15682286_pos_564	0.025388	1	5
NC_064035.1_15716029_15716278_pos_565	-0.00682621	1	2
NC_064035.1_16115306_16115554_pos_566	0.181209	1	3
NC_064035.1_16159205_16159453_pos_567	0.325305	1	1
NC_064035.1_16278443_16278691_pos_568	-0.269585	1	2
NC_064035.1_16375188_16375436_pos_569	0.198835	1	1
NC_064035.1_16465648_16465897_pos_570	0.665971	1	4
NC_064035.1_16545612_16545861_pos_571	0.0303433	1	5
NC_064035.1_16630588_16630836_pos_572	0.241053	1	2
NC_064035.1_16830709_16830957_pos_573	0.156963	1	3
NC_064035.1_16917646_16917894_pos_574	-0.298848	1	2
NC_064035.1_17183546_17183794_pos_575	0.197312	1	2
NC_064035.1_17685335_17685584_pos_576	0.0238538	1	3
NC_064035.1_18029474_18029723_pos_577	-0.0207095	1	4
NC_064035.1_18158140_18158388_pos_578	0.0145662	1	5
NC_064035.1_18379826_18380074_pos_579	0.152064	1	1
NC_064035.1_18398543_18398792_pos_580	0.112105	1	2
NC_064035.1_18661659_18661908_pos_581	0.0482507	1	1
NC_064035.1_18787369_18787618_pos_582	0.22012	1	4
NC_064035.1_18805835_18806084_pos_583	0.43669	1	2
NC_064035.1_19139395_19139644_pos_584	0.282414	1	3
NC_064035.1_19176609_19176858_pos_585	0.188846	1	4
NC_064035.1_19378026_19378275_pos_586	0.239882	1	4
NC_064035.1_19422054_19422303_pos_587	0.306897	1	1
NC_064034.1_19579422_19579671_pos_588	0.404915	1	5
NC_064035.1_10016806_10017055_pos_589	0.096791	1	1
NC_064034.1_14978331_14978580_pos_590	0.0824347	1	5
NC_064034.1_19432271_19432520_pos_591	0.0889609	1	5
NC_064035.1_16563809_16564058_pos_592	0.430346	1	3
NC_064035.1_7727457_7727706_pos_593	0.0394003	1	3
NC_064034.1_8230850_8231099_pos_594	0.139242	1	4
NC_064035.1_5452407_5452656_pos_595	0.184539	1	2
NC_064034.1_6547830_6548079_pos_596	0.733323	1	2
NC_064035.1_10307142_10307391_pos_597	0.277411	1	4
NC_064034.1_11124833_11125082_pos_598	-0.0536611	1	3
NC_064035.1_10273001_10273250_pos_599	0.501556	1	4
NC_064034.1_17700270_17700519_pos_600	0.377571	1	3
NC_064035.1_11022054_11022303_pos_601	-0.366984	1	4
NC_064035.1_16416886_16417134_pos_602	-0.0694786	1	1
NC_064035.1_18394527_18394776_pos_603	0.163764	1	3
NC_064034.1_1474539_1474788_pos_604	0.182222	1	5
NC_064034.1_1880168_1880417_pos_605	0.107102	1	3
NC_064034.1_2578097_2578346_pos_606	0.0854369	1	1
NC_064034.1_5809119_5809368_pos_607	0.302597	1	3
NC_064034.1_14753418_14753667_pos_608	0.0720183	1	1
NC_064034.1_15237203_15237452_pos_609	0.0808669	1	2
NC_064034.1_16257966_16258215_pos_610	0.0491682	1	4
NC_064035.1_4539973_4540222_pos_611	-0.0265216	1	1
NC_064035.1_4601120_4601369_pos_612	0.0196248	1	5
NC_064035.1_6674122_6674370_pos_613	0.373689	1	5
NC_064035.1_9445961_9446209_pos_614	0.115598	1	3
NC_064035.1_11762376_11762625_pos_615	0.536704	1	2
NC_064035.1_17693749_17693998_pos_616	0.296266	1	5
NC_064035.1_18528273_18528522_pos_617	0.0162092	1	2
NC_064035.1_18617265_18617513_pos_618	0.352291	1	5
NC_064034.1_4715366_4715615_pos_619	0.000827475	1	4
NC_064034.1_7348305_7348554_pos_620	0.158584	1	3
NC_064034.1_11526870_11527119_pos_621	0.228483	1	4
NC_064034.1_15024632_15024880_pos_622	0.031803	1	1
NC_064034.1_17315498_17315746_pos_623	-0.184381	1	1
NC_064035.1_18263843_18264092_pos_624	0.238586	1	3
NC_064034.1_4588474_4588723_pos_625	0.508287	1	5
NC_064035.1_8714816_8715065_pos_626	0.271118	1	2
NC_064034.1_3347265_3347514_pos_627	-0.142343	1	3
NC_064034.1_6609405_6609653_pos_628	-0.334131	1	3
NC_064034.1_8204324_8204573_pos_629	-0.00597647	1	1
NC_064034.1_8955012_8955261_pos_630	0.0896969	1	1
NC_064034.1_9798230_9798479_pos_631	0.023846	1	2
NC_064034.1_17680462_17680711_pos_632	-0.147031	1	1
NC_064035.1_8711670_8711919_pos_633	0.04311	1	3
NC_064034.1_12847818_12848067_pos_634	0.00100228	1	4
NC_064035.1_2600513_2600761_pos_635	-0.21384	1	2
NC_064035.1_3723340_3723589_pos_636	-0.0326451	1	3
NC_064035.1_5226678_5226927_pos_637	0.0695644	1	3
NC_064035.1_18987213_18987462_pos_638	0.252797	1	4
NC_064035.1_14295523_14295772_pos_639	0.337804	1	3
NC_064035.1_19413774_19414023_pos_640	0.365373	1	2
NC_064034.1_13502192_13502441_pos_641	0.176324	1	5
NC_064034.1_13235512_13235761_pos_642	0.019803	1	5
NC_064035.1_4026398_4026647_pos_643	0.359507	1	5
NC_064034.1_3235414_3235663_pos_644	-0.0104058	1	5
NC_064034.1_5215099_5215348_pos_645	0.538969	1	1
NC_064035.1_9639868_9640117_pos_646	0.289603	1	2
NC_064035.1_6897957_6898206_pos_647	0.192599	1	3
NC_064035.1_16950029_16950278_pos_648	0.100019	1	5
NC_064034.1_16238934_16239183_pos_649	0.427689	1	1
NC_064034.1_17392664_17392913_pos_650	0.0528439	1	1
NC_064034.1_17088821_17089070_pos_651	0.195743	1	4
NC_064034.1_2092544_2092793_pos_652	0.142992	1	1
NC_064034.1_2187847_2188096_pos_653	0.0673464	1	3
NC_064034.1_3501315_3501564_pos_654	-0.292072	1	2
NC_064034.1_11232160_11232409_pos_655	0.181734	1	1
NC_064035.1_17211591_17211840_pos_656	0.239692	1	4
NC_064034.1_3423831_3424080_pos_657	0.215537	1	4
NC_064035.1_2671781_2672030_pos_658	0.0929979	1	5
NC_064034.1_5044467_5044716_pos_659	0.00206797	1	3
NC_064034.1_11561270_11561519_pos_660	0.389772	1	3
NC_064034.1_8058257_8058506_pos_661	-0.104428	1	1
NC_064034.1_7187520_7187769_pos_662	0.421179	1	5
NC_064034.1_19060718_19060967_pos_663	0.11048	1	2
NC_064034.1_4871608_4871857_pos_664	0.151337	1	1
NC_064035.1_2898383_2898632_pos_665	0.572407	1	4
NC_064034.1_8705916_8706165_pos_666	0.205666	1	2
NC_064034.1_17491658_17491907_pos_667	-0.0635753	1	4
NC_064034.1_8685054_8685303_pos_668	0.141733	1	1
NC_064034.1_4293132_4293381_pos_669	0.16265	1	2
NC_064034.1_19998653_19998902_pos_670	-0.0377889	1	5
NC_064034.1_11763195_11763444_pos_671	0.0430158	1	2
NC_064034.1_5016850_5017099_pos_672	0.248948	1	3
NC_064034.1_10115025_10115274_pos_673	0.215273	1	4
NC_064034.1_19211228_19211477_pos_674	-0.12682	1	2
NC_064035.1_7853618_7853867_pos_675	0.449368	1	2
NC_064035.1_9639327_9639576_pos_676	0.0847418	1	4
NC_064034.1_5135334_5135582_pos_677	0.185515	1	4
NC_064034.1_10482283_10482532_pos_678	0.277007	1	4
NC_064034.1_10572295_10572544_pos_679	0.0390208	1	4
NC_064034.1_16570810_16571059_pos_680	-0.0735597	1	4
NC_064034.1_18693975_18694224_pos_681	0.0195307	1	5
NC_064035.1_5451489_5451738_pos_682	0.334791	1	1
NC_064035.1_18405752_18406001_pos_683	0.112489	1	1
NC_064034.1_634613_634862_pos_684	0.112749	1	2
NC_064034.1_4753124_4753373_pos_685	-0.0981094	1	3
NC_064034.1_11192342_11192591_pos_686	0.403708	1	4
NC_064034.1_14919711_14919960_pos_687	0.250185	1	3
NC_064034.1_17207826_17208075_pos_688	0.588353	1	3
NC_064035.1_16911579_16911828_pos_689	0.152294	1	1
NC_064034.1_7062731_7062980_pos_690	0.384196	1	5
NC_064034.1_20251884_20252132_pos_691	-0.11655	1	2
NC_064035.1_1164852_1165101_pos_692	0.218425	1	4
NC_064035.1_6146617_6146866_pos_693	0.379821	1	5
NC_064035.1_10633662_10633910_pos_694	0.187355	1	4
NC_064035.1_16767582_16767831_pos_695	0.0917857	1	2
NC_064034.1_5134302_5134551_pos_696	0.142706	1	4
NC_064034.1_15375620_15375869_pos_697	0.235506	1	4
NC_064034.1_18507218_18507467_pos_698	0.400803	1	5
NC_064034.1_19677960_19678209_pos_699	0.0501816	1	1
NC_064035.1_3143386_3143635_pos_700	0.228569	1	3
NC_064034.1_7623244_7623493_neg_1	0.173673	-1	5
NC_064039.1_14933589_14933838_neg_2	0.138304	-1	4
NC_064040.1_7337758_7338007_neg_3	0.0236794	-1	2
NC_064046.1_13633300_13633549_neg_4	-0.250517	-1	4
NC_064041.1_14098600_14098849_neg_5	0.229951	-1	2
NC_064044.1_5773733_5773981_neg_6	0.0966766	-1	1
NC_064044.1_1645412_1645661_neg_7	-1.001	-1	3
NC_064046.1_12349861_12350110_neg_8	0.141307	-1	4
NC_064035.1_18337157_18337406_neg_9	-0.188807	-1	2
NC_064040.1_4082658_4082906_neg_10	-0.453566	-1	3
NC_064048.1_13267859_13268107_neg_11	-0.694957	-1	5
NC_064045.1_12421688_12421937_neg_12	-0.392581	-1	4
NC_064048.1_12281877_12282125_neg_13	0.189704	-1	1
NC_064035.1_19898508_19898757_neg_14	0.325536	-1	4
NC_064042.1_1624698_1624947_neg_15	-0.0633782	-1	5
NC_064034.1_7043973_7044222_neg_16	0.113319	-1	5
NC_064047.1_6779341_6779589_neg_17	0.256797	-1	1
NC_064044.1_406166_406415_neg_18	-0.525122	-1	4
NC_064045.1_12692396_12692644_neg_19	0.00576026	-1	1
NC_064034.1_2247927_2248176_neg_20	-0.0845928	-1	1
NC_064042.1_8671796_8672045_neg_21	-0.267186	-1	3
NC_064047.1_6197834_6198082_neg_22	-0.375919	-1	2
NC_064037.1_2278500_2278748_neg_23	-0.333891	-1	4
NC_064036.1_10225948_10226197_neg_24	-0.178729	-1	4
NC_064048.1_5461690_5461939_neg_25	-0.483681	-1	2
NC_064041.1_7599021_7599269_neg_26	0.446248	-1	3
NC_064045.1_227130_227379_neg_27	-0.153973	-1	5
NC_064048.1_3259237_3259485_neg_28	-0.148587	-1	5
NC_064040.1_2471710_2471958_neg_29	-0.059236	-1	4
NC_064038.1_1889470_1889718_neg_30	-1.15865	-1	3
NC_064034.1_6428787_6429035_neg_31	0.0532237	-1	2
NC_064038.1_17227721_17227969_neg_32	0.0261802	-1	1
NC_064039.1_5230919_5231168_neg_33	-0.414676	-1	5
NC_064040.1_2327410_2327658_neg_34	-0.475287	-1	1
NC_064042.1_12677532_12677780_neg_35	-0.469083	-1	4
NC_064040.1_7253177_7253425_neg_36	-0.382695	-1	1
NC_064035.1_4123619_4123867_neg_37	-0.0294845	-1	4
NC_064035.1_21396579_21396827_neg_38	-0.262252	-1	4
NC_064045.1_7705375_7705623_neg_39	-0.936586	-1	3
NC_064035.1_5349420_5349669_neg_40	-0.130945	-1	3
NC_064041.1_14933313_14933562_neg_41	-0.15205	-1	5
NC_064047.1_9325863_9326111_neg_42	-0.118283	-1	1
NC_064046.1_7970731_7970980_neg_43	-0.0557723	-1	5
NC_064039.1_3788966_3789215_neg_44	-0.0464278	-1	4
NC_064047.1_13032739_13032987_neg_45	0.211116	-1	1
NC_064046.1_14752807_14753055_neg_46	-1.02785	-1	5
NC_064046.1_1560354_1560602_neg_47	0.0485624	-1	1
NC_064043.1_3229949_3230198_neg_48	0.0332576	-1	1
NC_064043.1_5990990_5991239_neg_49	0.0659302	-1	3
NC_064045.1_6475503_6475752_neg_50	-0.00199151	-1	5
NC_064046.1_11921920_11922169_neg_51	0.248166	-1	4
NC_064040.1_8090138_8090387_neg_52	-0.188425	-1	5
NC_064045.1_7102620_7102869_neg_53	-0.260268	-1	2
NC_064041.1_14088583_14088832_neg_54	0.0885627	-1	1
NC_064046.1_6502999_6503248_neg_55	-0.161787	-1	1
NC_064042.1_59623_59872_neg_56	-0.51318	-1	5
NC_064034.1_10234983_10235231_neg_57	0.083959	-1	3
NC_064036.1_1089554_1089803_neg_58	-0.0336363	-1	3
NC_064046.1_9438590_9438838_neg_59	-0.115527	-1	1
NC_064042.1_3661029_3661277_neg_60	-0.340382	-1	1
NC_064035.1_14013087_14013336_neg_61	-0.486235	-1	5
NC_064037.1_4216957_4217205_neg_62	-0.329558	-1	3
NC_064045.1_12948625_12948873_neg_63	-0.176131	-1	5
NC_064036.1_13424034_13424283_neg_64	-0.510668	-1	1
NC_064043.1_10040232_10040480_neg_65	-0.674685	-1	5
NC_064042.1_5234850_5235098_neg_66	-0.188747	-1	5
NC_064046.1_7179473_7179722_neg_67	-0.303671	-1	1
NC_064036.1_19293885_19294133_neg_68	0.126136	-1	1
NC_064036.1_60836_61085_neg_69	-0.808242	-1	2
NC_064047.1_3115217_3115466_neg_70	-0.0433826	-1	4
NC_064044.1_3650360_3650609_neg_71	-0.294799	-1	3
NC_064043.1_14612239_14612488_neg_72	0.109403	-1	5
NC_064041.1_1169747_1169995_neg_73	-0.350891	-1	1
NC_064047.1_4405409_4405658_neg_74	-0.0610914	-1	4
NC_064043.1_6083701_6083949_neg_75	-0.181139	-1	2
NC_064035.1_2216706_2216954_neg_76	-0.305486	-1	3
NC_064034.1_3451146_3451395_neg_77	-0.0231055	-1	4
NC_064043.1_479842_480091_neg_78	-1.06345	-1	1
NC_064037.1_8449592_8449841_neg_79	0.106723	-1	2
NC_064047.1_11636403_11636652_neg_80	-0.0798051	-1	3
NC_064047.1_13289255_13289503_neg_81	0.119798	-1	5
NC_064045.1_4794429_4794677_neg_82	-0.0625406	-1	2
NC_064039.1_10646765_10647013_neg_83	-0.24733	-1	1
NC_064035.1_19726542_19726791_neg_84	0.0278094	-1	1
NC_064039.1_3231886_3232134_neg_85	0.0781454	-1	2
NC_064044.1_367223_367471_neg_86	-1.03333	-1	3
NC_064037.1_10004152_10004401_neg_87	0.0266425	-1	3
NC_064038.1_11251900_11252148_neg_88	-0.245771	-1	2
NC_064047.1_11265717_11265966_neg_89	-0.0838143	-1	3
NC_064037.1_1762804_1763052_neg_90	-0.1205	-1	3
NC_064039.1_3802160_3802409_neg_91	0.258564	-1	5
NC_064045.1_15094481_15094730_neg_92	-0.171934	-1	2
NC_064045.1_6254576_6254825_neg_93	0.0111801	-1	3
NC_064046.1_7332474_7332723_neg_94	-0.343911	-1	5
NC_064039.1_13955448_13955697_neg_95	-0.611279	-1	1
NC_064035.1_8751944_8752192_neg_96	0.284728	-1	3
NC_064034.1_11947998_11948247_neg_97	-0.00352548	-1	1
NC_064036.1_4549890_4550138_neg_98	-0.12002	-1	1
NC_064036.1_13305728_13305977_neg_99	-0.377103	-1	2
NC_064035.1_17448941_17449190_neg_100	-0.198038	-1	5
NC_064037.1_7732012_7732261_neg_101	-0.129685	-1	1
NC_064042.1_16545488_16545736_neg_102	0.256149	-1	5
NC_064034.1_5491374_5491623_neg_103	-0.320175	-1	1
NC_064035.1_8976242_8976491_neg_104	-0.634977	-1	4
NC_064046.1_12389233_12389481_neg_105	-0.265936	-1	4
NC_064048.1_12517861_12518109_neg_106	-0.100324	-1	5
NC_064034.1_8202769_8203018_neg_107	0.345775	-1	5
NC_064047.1_12599359_12599608_neg_108	-0.00159445	-1	5
NC_064038.1_341189_341437_neg_109	-0.348028	-1	3
NC_064040.1_12602484_12602733_neg_110	-0.57957	-1	2
NC_064045.1_12123626_12123874_neg_111	-0.0894918	-1	5
NC_064038.1_11499018_11499266_neg_112	-0.123245	-1	1
NC_064046.1_406126_406375_neg_113	0.0624007	-1	2
NC_064045.1_3364488_3364737_neg_114	-0.464933	-1	3
NC_064039.1_7685837_7686086_neg_115	-0.00811291	-1	1
NC_064042.1_4049653_4049901_neg_116	-0.301604	-1	4
NC_064034.1_17285197_17285446_neg_117	-0.191643	-1	5
NC_064038.1_4548520_4548769_neg_118	-0.425061	-1	4
NC_064045.1_10887973_10888222_neg_119	-0.412852	-1	3
NC_064041.1_13071594_13071842_neg_120	-0.00872218	-1	1
NC_064040.1_12730114_12730363_neg_121	-0.264565	-1	5
NC_064046.1_11410236_11410485_neg_122	-0.133839	-1	2
NC_064041.1_2365953_2366202_neg_123	-0.0913383	-1	2
NC_064038.1_4249001_4249249_neg_124	-0.251078	-1	4
NC_064038.1_6262681_6262929_neg_125	0.104522	-1	2
NC_064045.1_8017188_8017436_neg_126	-0.212322	-1	5
NC_064046.1_10021728_10021977_neg_127	-0.0187599	-1	3
NC_064044.1_7519977_7520225_neg_128	0.0111012	-1	2
NC_064035.1_21461690_21461938_neg_129	-0.182427	-1	1
NC_064042.1_15862326_15862574_neg_130	-0.0489775	-1	2
NC_064042.1_9220988_9221237_neg_131	-0.0695134	-1	1
NC_064034.1_17040611_17040860_neg_132	-0.20546	-1	5
NC_064040.1_13971860_13972108_neg_133	0.0208248	-1	4
NC_064035.1_9743811_9744060_neg_134	-0.160701	-1	4
NC_064037.1_7532429_7532678_neg_135	-0.434867	-1	2
NC_064034.1_3329277_3329525_neg_136	-0.390295	-1	1
NC_064035.1_8007444_8007692_neg_137	-0.0510603	-1	5
NC_064039.1_12195774_12196023_neg_138	-0.246168	-1	5
NC_064037.1_15583857_15584105_neg_139	-0.345915	-1	5
NC_064036.1_12352739_12352988_neg_140	0.0645384	-1	5
NC_064035.1_2566293_2566541_neg_141	-0.00959867	-1	2
NC_064048.1_7403052_7403300_neg_142	-0.111028	-1	3
NC_064037.1_6042492_6042740_neg_143	-0.0567024	-1	3
NC_064037.1_10378090_10378339_neg_144	0.390194	-1	3
NC_064044.1_2069724_2069973_neg_145	-0.191001	-1	1
NC_064043.1_13602660_13602909_neg_146	0.0957245	-1	4
NC_064036.1_10686002_10686251_neg_147	-0.0122627	-1	4
NC_064037.1_18420107_18420356_neg_148	-0.0483278	-1	5
NC_064036.1_12609278_12609526_neg_149	0.0589708	-1	5
NC_064044.1_6204856_6205105_neg_150	-0.124714	-1	3
NC_064047.1_9720712_9720960_neg_151	0.0428027	-1	3
NC_064036.1_10279853_10280102_neg_152	-0.374003	-1	2
NC_064048.1_13498035_13498284_neg_153	-1.32579	-1	3
NC_064047.1_10454900_10455148_neg_154	-0.296854	-1	2
NC_064037.1_16759508_16759757_neg_155	-0.383709	-1	5
NC_064042.1_16021448_16021696_neg_156	-0.193269	-1	5
NC_064042.1_6042953_6043201_neg_157	-0.189721	-1	2
NC_064037.1_15350693_15350942_neg_158	-0.284797	-1	1
NC_064048.1_4175831_4176080_neg_159	-0.301963	-1	3
NC_064038.1_7325696_7325944_neg_160	-0.73675	-1	1
NC_064039.1_17042121_17042369_neg_161	0.371952	-1	5
NC_064042.1_15026310_15026559_neg_162	-0.284651	-1	3
NC_064046.1_14048855_14049104_neg_163	-0.238095	-1	3
NC_064042.1_4911848_4912096_neg_164	-0.153179	-1	2
NC_064039.1_3211930_3212179_neg_165	0.0855011	-1	3
NC_064046.1_12367149_12367397_neg_166	0.32393	-1	2
NC_064039.1_14690786_14691034_neg_167	-0.394045	-1	4
NC_064034.1_1343593_1343841_neg_168	-0.229581	-1	1
NC_064034.1_20494985_20495233_neg_169	-0.0945119	-1	5
NC_064044.1_10510929_10511177_neg_170	-0.37295	-1	1
NC_064045.1_13364292_13364541_neg_171	0.0769138	-1	3
NC_064034.1_16446245_16446494_neg_172	-0.0195691	-1	1
NC_064036.1_11272305_11272553_neg_173	-0.270884	-1	5
NC_064041.1_7206932_7207180_neg_174	0.135662	-1	4
NC_064037.1_11020946_11021194_neg_175	0.0237334	-1	2
NC_064035.1_20530877_20531125_neg_176	-0.0938863	-1	2
NC_064038.1_17836844_17837092_neg_177	0.024405	-1	4
NC_064045.1_387642_387891_neg_178	0.00698929	-1	2
NC_064042.1_15359990_15360239_neg_179	-0.161182	-1	5
NC_064038.1_6384381_6384630_neg_180	-0.102169	-1	1
NC_064037.1_18741753_18742001_neg_181	0.0773246	-1	3
NC_064035.1_6499975_6500223_neg_182	0.0638035	-1	2
NC_064036.1_20718571_20718820_neg_183	0.0764899	-1	5
NC_064042.1_15010968_15011216_neg_184	-0.04161	-1	5
NC_064043.1_9811716_9811965_neg_185	0.219761	-1	5
NC_064040.1_1738803_1739052_neg_186	0.270073	-1	3
NC_064045.1_4823235_4823484_neg_187	-0.0300712	-1	5
NC_064036.1_20561346_20561595_neg_188	0.120776	-1	2
NC_064039.1_6963000_6963249_neg_189	-0.370313	-1	3
NC_064035.1_19274071_19274319_neg_190	-0.326318	-1	1
NC_064034.1_19276302_19276551_neg_191	-0.100903	-1	1
NC_064047.1_14008571_14008820_neg_192	-0.0140717	-1	2
NC_064040.1_14270215_14270464_neg_193	-0.0387882	-1	2
NC_064045.1_12738561_12738809_neg_194	-0.265201	-1	4
NC_064041.1_3263932_3264181_neg_195	0.0526827	-1	2
NC_064034.1_3377581_3377830_neg_196	-0.0788721	-1	1
NC_064041.1_9390591_9390840_neg_197	0.50823	-1	5
NC_064039.1_6301886_6302135_neg_198	-0.12656	-1	2
NC_064048.1_13258918_13259167_neg_199	-0.936066	-1	3
NC_064037.1_16826798_16827047_neg_200	-0.213216	-1	1
NC_064040.1_11370543_11370792_neg_201	-0.399028	-1	2
NC_064034.1_4940007_4940255_neg_202	0.230075	-1	2
NC_064034.1_10040674_10040922_neg_203	-0.0245549	-1	3
NC_064043.1_15877994_15878243_neg_204	-0.449309	-1	5
NC_064035.1_21632765_21633013_neg_205	-0.291823	-1	5
NC_064044.1_3314387_3314636_neg_206	-0.110657	-1	5
NC_064039.1_17817466_17817715_neg_207	-0.0444594	-1	2
NC_064044.1_1158912_1159161_neg_208	-0.418636	-1	3
NC_064045.1_4731467_4731715_neg_209	-0.111289	-1	5
NC_064046.1_13016697_13016946_neg_210	0.0438278	-1	4
NC_064043.1_14647996_14648245_neg_211	-0.299291	-1	4
NC_064039.1_9173322_9173570_neg_212	-0.052453	-1	1
NC_064044.1_3272193_3272441_neg_213	-0.0760859	-1	3
NC_064035.1_6265648_6265896_neg_214	-0.171001	-1	2
NC_064038.1_6356353_6356601_neg_215	-0.0455252	-1	3
NC_064034.1_12540155_12540403_neg_216	-0.328583	-1	4
NC_064043.1_2754289_2754538_neg_217	-0.02861	-1	1
NC_064037.1_14954002_14954251_neg_218	0.335378	-1	4
NC_064043.1_15063016_15063264_neg_219	0.0229909	-1	2
NC_064036.1_2794428_2794676_neg_220	-0.60832	-1	5
NC_064044.1_6426049_6426297_neg_221	-0.452711	-1	2
NC_064039.1_11431522_11431771_neg_222	-0.142237	-1	3
NC_064036.1_12897491_12897740_neg_223	0.0499263	-1	2
NC_064036.1_18040166_18040414_neg_224	-0.0903261	-1	1
NC_064042.1_15060252_15060500_neg_225	0.127953	-1	2
NC_064048.1_3999854_4000103_neg_226	-0.223538	-1	3
NC_064039.1_6498994_6499243_neg_227	0.0236269	-1	5
NC_064046.1_5872306_5872554_neg_228	-0.166513	-1	4
NC_064043.1_10448575_10448824_neg_229	-0.104995	-1	5
NC_064044.1_4851477_4851725_neg_230	-0.358646	-1	1
NC_064048.1_12741325_12741574_neg_231	-0.0952322	-1	1
NC_064047.1_13119409_13119657_neg_232	-0.29861	-1	2
NC_064041.1_13862178_13862426_neg_233	-0.292765	-1	2
NC_064039.1_5349137_5349386_neg_234	-0.0757586	-1	2
NC_064047.1_10932872_10933121_neg_235	-0.0862177	-1	2
NC_064040.1_14205673_14205922_neg_236	-0.324229	-1	1
NC_064044.1_11940241_11940490_neg_237	-0.187341	-1	4
NC_064042.1_5827473_5827721_neg_238	-0.415696	-1	4
NC_064044.1_176699_176948_neg_239	-1.01375	-1	2
NC_064034.1_7655444_7655692_neg_240	-0.118963	-1	3
NC_064048.1_552478_552727_neg_241	-0.0904278	-1	3
NC_064039.1_9472316_9472565_neg_242	-0.704803	-1	1
NC_064045.1_1949053_1949302_neg_243	-0.405897	-1	3
NC_064047.1_5192890_5193138_neg_244	0.667224	-1	3
NW_026019253.1_9863_10112_neg_245	-0.310665	-1	2
NC_064040.1_15047520_15047769_neg_246	0.0610516	-1	2
NC_064045.1_16371013_16371262_neg_247	-0.890152	-1	4
NC_064046.1_1941340_1941589_neg_248	-0.0356795	-1	2
NC_064035.1_11807409_11807658_neg_249	-0.165563	-1	1
NC_064041.1_1372131_1372379_neg_250	-0.00956708	-1	4
NC_064039.1_7102626_7102875_neg_251	-0.0447114	-1	1
NC_064037.1_9594953_9595202_neg_252	-0.201971	-1	4
NC_064042.1_14581455_14581704_neg_253	-0.699042	-1	4
NC_064034.1_10943135_10943384_neg_254	0.174537	-1	2
NC_064038.1_14776637_14776886_neg_255	-0.446856	-1	2
NC_064046.1_10808754_10809003_neg_256	0.285369	-1	4
NC_064040.1_11370759_11371008_neg_257	-0.342063	-1	3
NC_064036.1_11976782_11977031_neg_258	-0.301797	-1	1
NC_064043.1_9145890_9146139_neg_259	-0.225033	-1	3
NC_064044.1_538122_538371_neg_260	-0.559908	-1	2
NC_064040.1_13642203_13642452_neg_261	-0.0262042	-1	5
NC_064041.1_13778877_13779125_neg_262	-0.182892	-1	1
NC_064034.1_20668546_20668795_neg_263	-0.152585	-1	2
NC_064043.1_7071149_7071398_neg_264	-0.185598	-1	5
NC_064040.1_8663628_8663877_neg_265	-0.199319	-1	4
NC_064044.1_7520649_7520898_neg_266	-0.22899	-1	2
NC_064045.1_486524_486773_neg_267	0.00862279	-1	4
NC_064039.1_11285282_11285530_neg_268	-0.169731	-1	2
NC_064046.1_11151049_11151298_neg_269	-0.470817	-1	2
NC_064036.1_9706384_9706633_neg_270	-0.168666	-1	3
NC_064045.1_11375473_11375722_neg_271	0.0799864	-1	5
NC_064040.1_17673437_17673686_neg_272	0.088863	-1	3
NC_064034.1_17767167_17767416_neg_273	0.180126	-1	4
NC_064048.1_6631049_6631297_neg_274	-0.342153	-1	3
NC_064038.1_17366758_17367006_neg_275	0.148924	-1	4
NC_064041.1_7427425_7427674_neg_276	-0.221698	-1	4
NC_064044.1_11710948_11711197_neg_277	-0.0725701	-1	3
NC_064037.1_4379455_4379704_neg_278	-0.76055	-1	5
NC_064043.1_5421904_5422152_neg_279	-0.86345	-1	1
NC_064047.1_2525462_2525711_neg_280	-0.102675	-1	4
NC_064045.1_5966218_5966467_neg_281	0.673072	-1	1
NC_064034.1_530868_531116_neg_282	-1.14633	-1	2
NC_064036.1_1261456_1261704_neg_283	-0.271857	-1	5
NC_064039.1_9728211_9728459_neg_284	0.0876685	-1	2
NC_064042.1_13037411_13037660_neg_285	-0.00338821	-1	4
NC_064042.1_16302153_16302401_neg_286	0.130944	-1	5
NC_064034.1_18341717_18341966_neg_287	-0.124446	-1	4
NC_064039.1_12564672_12564920_neg_288	0.0268671	-1	4
NC_064034.1_12964946_12965194_neg_289	-0.201772	-1	3
NC_064047.1_8138046_8138295_neg_290	-0.351007	-1	2
NC_064039.1_8557726_8557975_neg_291	-0.0427773	-1	2
NC_064044.1_9228104_9228353_neg_292	-0.432754	-1	5
NC_064044.1_13295843_13296091_neg_293	-0.0601947	-1	3
NC_064042.1_8751182_8751430_neg_294	-0.380097	-1	3
NC_064037.1_10135490_10135738_neg_295	0.0558122	-1	4
NC_064039.1_16927834_16928083_neg_296	-0.00167789	-1	2
NC_064041.1_15869413_15869661_neg_297	-0.140761	-1	2
NC_064040.1_11786559_11786808_neg_298	0.0260074	-1	1
NC_064037.1_9240111_9240359_neg_299	-0.400481	-1	1
NC_064047.1_3490218_3490466_neg_300	-0.244495	-1	3
NC_064042.1_8072994_8073243_neg_301	0.15636	-1	3
NC_064037.1_4707492_4707740_neg_302	-0.137411	-1	2
NC_064040.1_17823238_17823487_neg_303	-0.115166	-1	5
NC_064047.1_9219471_9219720_neg_304	0.295842	-1	1
NC_064037.1_15245135_15245384_neg_305	-0.00299116	-1	5
NC_064036.1_20522528_20522777_neg_306	-0.10741	-1	4
NC_064036.1_4226023_4226271_neg_307	-0.0744404	-1	1
NC_064035.1_6214877_6215125_neg_308	-0.272875	-1	5
NC_064043.1_16459019_16459267_neg_309	-0.0920155	-1	1
NC_064038.1_10074430_10074679_neg_310	-0.0742067	-1	1
NC_064035.1_21686421_21686669_neg_311	-0.19584	-1	2
NC_064046.1_10997310_10997559_neg_312	0.148341	-1	1
NC_064037.1_19193047_19193296_neg_313	-0.21288	-1	2
NC_064043.1_13408080_13408329_neg_314	-0.0932018	-1	2
NC_064044.1_9996092_9996341_neg_315	0.238968	-1	3
NC_064046.1_10630082_10630331_neg_316	-0.405676	-1	3
NC_064046.1_15417884_15418132_neg_317	-1.16355	-1	5
NC_064046.1_14099152_14099401_neg_318	0.0927489	-1	5
NC_064047.1_7047514_7047763_neg_319	0.0209681	-1	5
NC_064046.1_4967704_4967953_neg_320	0.269195	-1	3
NC_064042.1_4713283_4713532_neg_321	-0.112108	-1	4
NC_064047.1_3388185_3388433_neg_322	-0.0549875	-1	5
NC_064034.1_7076567_7076815_neg_323	-0.160385	-1	3
NC_064035.1_5117226_5117474_neg_324	-0.121323	-1	2
NC_064034.1_15310938_15311187_neg_325	-0.392985	-1	2
NC_064040.1_9036303_9036552_neg_326	-0.333612	-1	4
NC_064037.1_12835935_12836184_neg_327	-0.146089	-1	2
NC_064044.1_322037_322286_neg_328	-0.29875	-1	3
NC_064034.1_2665403_2665651_neg_329	-0.00213654	-1	4
NC_064046.1_3424482_3424731_neg_330	-0.433462	-1	3
NC_064041.1_9795741_9795990_neg_331	-0.112535	-1	1
NC_064046.1_5778573_5778822_neg_332	-0.247735	-1	5
NC_064042.1_3718930_3719178_neg_333	-0.516893	-1	2
NC_064038.1_12472850_12473098_neg_334	-0.181176	-1	4
NC_064038.1_10163613_10163862_neg_335	0.0342016	-1	4
NC_064046.1_14645122_14645371_neg_336	-0.0407662	-1	3
NC_064034.1_3520974_3521223_neg_337	-0.278604	-1	3
NC_064036.1_17559400_17559649_neg_338	0.162137	-1	4
NC_064043.1_9303290_9303539_neg_339	-0.354948	-1	2
NC_064043.1_14028203_14028452_neg_340	0.122461	-1	2
NC_064039.1_15108974_15109223_neg_341	0.333717	-1	1
NC_064036.1_7431403_7431651_neg_342	0.0546435	-1	5
NC_064039.1_18067398_18067646_neg_343	-0.264721	-1	2
NC_064035.1_1091252_1091500_neg_344	0.169764	-1	3
NC_064046.1_4978495_4978743_neg_345	-0.226355	-1	4
NC_064047.1_1455000_1455249_neg_346	-0.233254	-1	3
NC_064043.1_1663156_1663404_neg_347	-0.170728	-1	5
NC_064038.1_17573500_17573748_neg_348	-0.177628	-1	5
NC_064041.1_1106927_1107175_neg_349	-0.153567	-1	1
NC_064035.1_3011716_3011964_neg_350	-0.0218564	-1	1
NC_064037.1_5689_5938_neg_351	-0.136251	-1	3
NC_064040.1_1210356_1210605_neg_352	0.146429	-1	4
NC_064041.1_15867780_15868028_neg_353	-0.0398757	-1	5
NC_064045.1_14494514_14494762_neg_354	-0.375774	-1	5
NC_064038.1_13687162_13687411_neg_355	0.0779186	-1	1
NC_064046.1_3371532_3371781_neg_356	-0.226226	-1	5
NC_064048.1_7601806_7602055_neg_357	-0.28974	-1	2
NC_064048.1_1913135_1913383_neg_358	-0.0508137	-1	4
NC_064038.1_3860619_3860868_neg_359	-0.288649	-1	2
NC_064038.1_5534379_5534628_neg_360	0.317694	-1	4
NC_064043.1_7208074_7208322_neg_361	0.219331	-1	4
NC_064044.1_10803566_10803814_neg_362	0.274481	-1	3
NC_064041.1_1215192_1215440_neg_363	0.306485	-1	1
NC_064037.1_3820787_3821036_neg_364	-0.114398	-1	5
NC_064048.1_2806188_2806436_neg_365	0.00597969	-1	4
NC_064034.1_912923_913172_neg_366	-0.0126315	-1	1
NC_064035.1_7752255_7752503_neg_367	-0.0176087	-1	2
NC_064034.1_14961734_14961982_neg_368	-0.745373	-1	2
NC_064044.1_2495283_2495531_neg_369	0.102598	-1	2
NC_064034.1_13379909_13380157_neg_370	-0.0634504	-1	4
NC_064038.1_11541602_11541851_neg_371	0.0874398	-1	5
NC_064039.1_3479464_3479713_neg_372	-0.350292	-1	5
NC_064037.1_14537775_14538023_neg_373	-0.303774	-1	2
NC_064042.1_4251822_4252070_neg_374	0.193557	-1	1
NC_064046.1_6928678_6928927_neg_375	-0.100534	-1	4
NC_064035.1_7688575_7688823_neg_376	-0.201048	-1	4
NC_064042.1_13442640_13442889_neg_377	0.251235	-1	2
NC_064044.1_15772317_15772565_neg_378	-0.468545	-1	1
NC_064047.1_7986572_7986820_neg_379	-0.335864	-1	4
NC_064037.1_15465187_15465436_neg_380	-0.195359	-1	1
NC_064047.1_6348157_6348406_neg_381	0.422983	-1	1
NC_064038.1_8008994_8009243_neg_382	-0.335619	-1	5
NC_064043.1_14337885_14338134_neg_383	0.278333	-1	4
NC_064039.1_6177680_6177928_neg_384	0.0574491	-1	1
NC_064047.1_8271065_8271313_neg_385	-0.132156	-1	1
NC_064042.1_16333194_16333443_neg_386	-0.0299452	-1	4
NC_064034.1_18097213_18097461_neg_387	-0.511582	-1	2
NC_064042.1_1526764_1527013_neg_388	0.101534	-1	4
NC_064039.1_10081579_10081828_neg_389	-0.046285	-1	2
NC_064047.1_9349991_9350239_neg_390	-0.0134449	-1	3
NC_064039.1_1503546_1503794_neg_391	0.194718	-1	1
NC_064037.1_12267080_12267328_neg_392	-0.143593	-1	1
NC_064037.1_711026_711274_neg_393	-0.951306	-1	2
NC_064038.1_7044176_7044425_neg_394	-0.0791745	-1	5
NC_064038.1_10980510_10980759_neg_395	0.148318	-1	5
NC_064043.1_16299159_16299408_neg_396	-1.14827	-1	3
NC_064037.1_2536728_2536977_neg_397	0.265603	-1	5
NC_064034.1_18158598_18158847_neg_398	-0.018485	-1	2
NC_064036.1_10597122_10597371_neg_399	-0.124853	-1	5
NC_064047.1_11656218_11656467_neg_400	0.571499	-1	4
NC_064038.1_18407585_18407834_neg_401	0.106421	-1	3
NC_064048.1_5501727_5501975_neg_402	0.181287	-1	5
NC_064043.1_609979_610228_neg_403	-0.604001	-1	4
NC_064043.1_5361188_5361437_neg_404	-0.344736	-1	3
NC_064043.1_2000301_2000550_neg_405	-0.210466	-1	4
NC_064042.1_6838875_6839124_neg_406	-0.126485	-1	1
NC_064040.1_13699571_13699820_neg_407	-0.150198	-1	1
NC_064046.1_3110284_3110533_neg_408	-0.414638	-1	1
NC_064041.1_15517345_15517594_neg_409	-0.0586736	-1	2
NC_064034.1_2240652_2240901_neg_410	0.123998	-1	1
NC_064047.1_9541946_9542194_neg_411	-0.121519	-1	1
NC_064038.1_3369017_3369266_neg_412	-0.235687	-1	4
NC_064048.1_9293360_9293609_neg_413	-0.0865083	-1	4
NC_064039.1_6339466_6339715_neg_414	-0.680903	-1	2
NC_064034.1_789619_789868_neg_415	0.0359741	-1	3
NC_064044.1_9688599_9688847_neg_416	-0.8131	-1	3
NC_064042.1_16139354_16139603_neg_417	0.0333903	-1	4
NC_064044.1_1728724_1728972_neg_418	-0.898354	-1	1
NC_064036.1_14055151_14055400_neg_419	0.0578546	-1	2
NC_064046.1_13820124_13820373_neg_420	0.348538	-1	5
NC_064048.1_13051700_13051948_neg_421	-1.16433	-1	3
NC_064036.1_17295194_17295443_neg_422	-0.166048	-1	4
NC_064036.1_6069601_6069849_neg_423	0.219756	-1	5
NC_064043.1_227279_227527_neg_424	0.37922	-1	4
NC_064034.1_2802531_2802780_neg_425	-0.322594	-1	4
NC_064037.1_14855326_14855574_neg_426	-0.198607	-1	3
NC_064046.1_3423320_3423569_neg_427	-0.272434	-1	3
NC_064036.1_7428339_7428587_neg_428	-0.0929294	-1	4
NC_064043.1_10333_10582_neg_429	-0.0597948	-1	2
NC_064046.1_15012914_15013163_neg_430	0.0372787	-1	4
NC_064041.1_3449813_3450062_neg_431	-0.448512	-1	3
NC_064038.1_8467766_8468015_neg_432	-0.965149	-1	3
NC_064035.1_4014997_4015246_neg_433	-0.109594	-1	4
NC_064034.1_20790372_20790620_neg_434	0.00820692	-1	5
NC_064043.1_5424634_5424883_neg_435	0.177805	-1	3
NC_064039.1_993327_993576_neg_436	0.0788453	-1	2
NC_064038.1_2064754_2065003_neg_437	-0.892014	-1	3
NC_064037.1_6009349_6009598_neg_438	-0.111874	-1	4
NC_064038.1_14902118_14902367_neg_439	0.117493	-1	2
NC_064036.1_8963311_8963560_neg_440	0.0885333	-1	1
NC_064044.1_13460305_13460553_neg_441	-0.272332	-1	5
NC_064040.1_12686428_12686677_neg_442	-0.200011	-1	4
NC_064039.1_854755_855004_neg_443	0.378192	-1	2
NC_064043.1_8975723_8975972_neg_444	-0.586686	-1	4
NC_064041.1_9259188_9259436_neg_445	-0.437148	-1	3
NC_064044.1_13804971_13805219_neg_446	-0.0469127	-1	1
NC_064043.1_7421049_7421297_neg_447	-0.0555102	-1	4
NC_064034.1_9211459_9211708_neg_448	0.421243	-1	4
NC_064035.1_5581616_5581864_neg_449	-0.184011	-1	5
NC_064040.1_17188681_17188930_neg_450	-0.052835	-1	2
NC_064045.1_9808083_9808332_neg_451	-0.258959	-1	3
NC_064036.1_12151999_12152248_neg_452	-0.123357	-1	2
NC_064036.1_11503102_11503351_neg_453	-0.391736	-1	5
NC_064038.1_16819877_16820126_neg_454	0.0689174	-1	4
NC_064046.1_5533846_5534095_neg_455	-0.200228	-1	2
NC_064045.1_8638860_8639109_neg_456	-0.23897	-1	1
NC_064046.1_2408573_2408822_neg_457	0.199525	-1	3
NC_064039.1_1865522_1865771_neg_458	-0.0472995	-1	4
NC_064047.1_6186615_6186864_neg_459	0.100413	-1	2
NC_064048.1_9993425_9993674_neg_460	-0.283904	-1	3
NC_064035.1_6755880_6756129_neg_461	-0.431557	-1	5
NC_064045.1_10334484_10334733_neg_462	-0.341397	-1	5
NC_064046.1_2859472_2859720_neg_463	-0.101303	-1	5
NC_064038.1_1405721_1405970_neg_464	0.124259	-1	3
NC_064048.1_3956223_3956472_neg_465	-0.0183358	-1	1
NC_064037.1_10348655_10348904_neg_466	-0.225776	-1	1
NC_064041.1_8470960_8471208_neg_467	-0.222185	-1	4
NC_064034.1_8411165_8411414_neg_468	-0.378728	-1	2
NC_064045.1_9776404_9776652_neg_469	-0.0437518	-1	4
NC_064045.1_6288055_6288304_neg_470	0.0464112	-1	5
NC_064043.1_465224_465472_neg_471	-1.32671	-1	3
NC_064038.1_7549807_7550055_neg_472	-0.275093	-1	3
NC_064035.1_7946575_7946824_neg_473	0.00669489	-1	1
NC_064043.1_14962980_14963229_neg_474	-0.327189	-1	2
NC_064040.1_8473721_8473970_neg_475	0.236826	-1	5
NC_064041.1_16995249_16995497_neg_476	-1.21821	-1	5
NC_064046.1_1069939_1070187_neg_477	-0.349403	-1	5
NC_064039.1_15279872_15280121_neg_478	-0.0276277	-1	4
NC_064034.1_10689403_10689651_neg_479	-0.423726	-1	3
NC_064038.1_15477267_15477516_neg_480	-0.391404	-1	5
NC_064047.1_3330185_3330434_neg_481	0.0366027	-1	4
NC_064043.1_11727636_11727885_neg_482	-0.146383	-1	1
NC_064035.1_4330096_4330344_neg_483	-0.110723	-1	1
NC_064036.1_7125200_7125449_neg_484	-0.179557	-1	4
NC_064042.1_11139139_11139388_neg_485	-0.488385	-1	4
NC_064047.1_379997_380246_neg_486	-0.189704	-1	3
NC_064041.1_5358154_5358403_neg_487	-0.165108	-1	3
NC_064035.1_10348938_10349186_neg_488	-0.205401	-1	2
NC_064036.1_10184169_10184418_neg_489	-0.194086	-1	4
NC_064045.1_11463033_11463282_neg_490	-0.144154	-1	2
NC_064046.1_6581069_6581318_neg_491	-0.219422	-1	2
NC_064044.1_11006753_11007002_neg_492	0.0537002	-1	2
NC_064045.1_11770865_11771114_neg_493	-0.337346	-1	3
NW_026019282.1_5481_5730_neg_494	0.129653	-1	4
NC_064041.1_14995257_14995506_neg_495	-0.0605995	-1	4
NC_064038.1_2304483_2304732_neg_496	-0.193669	-1	4
NW_026019275.1_7458_7707_neg_497	-0.754367	-1	4
NC_064039.1_16186746_16186995_neg_498	-0.0890022	-1	5
NC_064044.1_4129349_4129597_neg_499	0.119666	-1	3
NC_064047.1_11019972_11020221_neg_500	0.726153	-1	1
NC_064048.1_1023737_1023985_neg_501	-0.15852	-1	1
NC_064037.1_2970780_2971028_neg_502	-0.676172	-1	3
NC_064045.1_9112086_9112334_neg_503	0.171246	-1	5
NC_064038.1_17694241_17694489_neg_504	-0.864452	-1	1
NC_064046.1_3962317_3962566_neg_505	0.185937	-1	1
NC_064036.1_1511005_1511254_neg_506	-0.543556	-1	4
NC_064040.1_14559062_14559311_neg_507	-0.0885164	-1	4
NC_064047.1_13825064_13825313_neg_508	0.131547	-1	2
NC_064041.1_7385280_7385529_neg_509	0.00774124	-1	2
NC_064034.1_9464331_9464580_neg_510	-0.275036	-1	3
NC_064040.1_8314285_8314534_neg_511	-0.0142262	-1	2
NC_064046.1_12620624_12620873_neg_512	0.241608	-1	1
NC_064034.1_11056365_11056613_neg_513	0.120355	-1	4
NC_064038.1_9831540_9831789_neg_514	-0.114367	-1	3
NC_064034.1_12263988_12264237_neg_515	0.240638	-1	5
NC_064048.1_4538129_4538378_neg_516	-0.310614	-1	1
NC_064038.1_9175925_9176174_neg_517	-0.289132	-1	2
NC_064037.1_7755239_7755487_neg_518	0.138516	-1	1
NC_064037.1_13800835_13801084_neg_519	-0.0118769	-1	3
NC_064038.1_14743761_14744010_neg_520	-0.327559	-1	3
NC_064037.1_9416406_9416655_neg_521	0.0323379	-1	3
NC_064042.1_8293775_8294024_neg_522	-0.0045968	-1	1
NC_064040.1_12575507_12575756_neg_523	-0.139009	-1	5
NC_064038.1_6305945_6306194_neg_524	-0.453713	-1	3
NC_064035.1_20473948_20474197_neg_525	-0.215682	-1	4
NC_064040.1_13483578_13483827_neg_526	0.367316	-1	5
NC_064036.1_14280490_14280739_neg_527	-0.0525717	-1	2
NC_064036.1_20278549_20278798_neg_528	-0.0659843	-1	4
NC_064045.1_15215097_15215346_neg_529	0.0757204	-1	3
NC_064035.1_16988979_16989228_neg_530	0.295231	-1	1
NC_064039.1_11217600_11217849_neg_531	-0.425756	-1	3
NC_064038.1_7982788_7983037_neg_532	-0.361921	-1	5
NC_064037.1_5643065_5643314_neg_533	-0.269551	-1	3
NC_064044.1_6928697_6928946_neg_534	-0.326972	-1	4
NC_064048.1_10457259_10457508_neg_535	-0.332658	-1	3
NC_064045.1_6000806_6001054_neg_536	-0.0803995	-1	1
NC_064044.1_11376409_11376657_neg_537	0.117603	-1	5
NC_064046.1_5479532_5479781_neg_538	-0.145741	-1	4
NC_064037.1_10266573_10266822_neg_539	-0.00158391	-1	5
NC_064041.1_12807155_12807404_neg_540	0.087349	-1	5
NC_064045.1_760500_760749_neg_541	-0.11923	-1	1
NC_064040.1_12367624_12367873_neg_542	-0.0049257	-1	2
NC_064038.1_452326_452575_neg_543	-0.0942531	-1	4
NC_064039.1_7769901_7770149_neg_544	-0.118524	-1	4
NC_064039.1_3901943_3902191_neg_545	-0.133769	-1	1
NC_064043.1_5731719_5731968_neg_546	-0.0972219	-1	4
NC_064036.1_20311415_20311664_neg_547	-0.165483	-1	4
NC_064040.1_6318538_6318787_neg_548	-0.629748	-1	3
NC_064045.1_4937585_4937834_neg_549	-0.0166844	-1	3
NC_064042.1_12260372_12260621_neg_550	-0.270808	-1	3
NC_064042.1_2234141_2234390_neg_551	-0.476764	-1	3
NC_064043.1_12343454_12343703_neg_552	-0.142219	-1	4
NC_064040.1_8561436_8561684_neg_553	-0.390915	-1	2
NC_064043.1_7287182_7287431_neg_554	0.01144	-1	3
NC_064039.1_14609853_14610101_neg_555	-0.303799	-1	2
NC_064035.1_1041029_1041278_neg_556	0.349716	-1	3
NC_064046.1_10891822_10892071_neg_557	-0.126896	-1	1
NC_064044.1_14283628_14283877_neg_558	0.0436621	-1	5
NC_064038.1_18048609_18048858_neg_559	-0.384925	-1	2
NC_064039.1_4895285_4895534_neg_560	-0.106584	-1	5
NC_064035.1_14679566_14679815_neg_561	0.0099198	-1	1
NC_064043.1_9978005_9978254_neg_562	-0.302708	-1	3
NC_064044.1_9780770_9781019_neg_563	0.105684	-1	5
NC_064044.1_1959247_1959495_neg_564	-0.778851	-1	4
NC_064037.1_716565_716813_neg_565	-1.39709	-1	3
NC_064044.1_4700857_4701106_neg_566	-0.228501	-1	3
NC_064034.1_1561362_1561611_neg_567	-0.182748	-1	1
NC_064043.1_10058953_10059202_neg_568	-0.616892	-1	2
NC_064035.1_14043092_14043341_neg_569	-0.439154	-1	5
NC_064048.1_1098911_1099160_neg_570	0.0521963	-1	2
NC_064038.1_15489580_15489829_neg_571	-0.0992661	-1	4
NC_064043.1_3109598_3109847_neg_572	0.347122	-1	3
NC_064038.1_15427781_15428030_neg_573	0.157396	-1	1
NC_064039.1_6159536_6159785_neg_574	-0.0608965	-1	1
NC_064045.1_4967689_4967938_neg_575	-0.0114344	-1	4
NC_064043.1_5503288_5503536_neg_576	0.0962633	-1	4
NC_064036.1_3007477_3007726_neg_577	-0.103717	-1	4
NC_064041.1_1956311_1956560_neg_578	0.206832	-1	3
NC_064045.1_5817631_5817880_neg_579	-0.115767	-1	5
NC_064043.1_7282218_7282467_neg_580	0.196444	-1	5
NC_064043.1_7010347_7010596_neg_581	-0.541498	-1	4
NC_064034.1_6695497_6695746_neg_582	-0.611269	-1	5
NC_064043.1_3056379_3056628_neg_583	-1.01536	-1	2
NC_064034.1_1215557_1215806_neg_584	-0.130613	-1	3
NC_064036.1_19712303_19712551_neg_585	-0.178408	-1	4
NC_064039.1_8829501_8829749_neg_586	0.0433937	-1	5
NC_064041.1_13468282_13468531_neg_587	-0.0128941	-1	4
NC_064036.1_5539308_5539557_neg_588	0.0476451	-1	3
NC_064041.1_1066438_1066686_neg_589	0.157701	-1	1
NC_064038.1_1648854_1649102_neg_590	-1.07372	-1	2
NC_064042.1_8342471_8342720_neg_591	-0.159796	-1	1
NC_064036.1_18724576_18724825_neg_592	-0.139051	-1	1
NC_064037.1_16573435_16573684_neg_593	-0.103747	-1	1
NC_064043.1_11822110_11822358_neg_594	0.00170281	-1	2
NC_064047.1_7736217_7736466_neg_595	-0.0588885	-1	4
NC_064043.1_14125117_14125366_neg_596	-0.0574812	-1	4
NC_064044.1_5001860_5002108_neg_597	-0.229283	-1	4
NC_064045.1_4629346_4629595_neg_598	0.212171	-1	2
NC_064043.1_15133428_15133677_neg_599	0.0351374	-1	5
NC_064034.1_9457451_9457700_neg_600	-0.0644908	-1	1
NC_064048.1_3405985_3406233_neg_601	-0.515642	-1	5
NC_064041.1_4114533_4114782_neg_602	-0.138682	-1	2
NC_064046.1_1756434_1756683_neg_603	0.000664758	-1	2
NC_064037.1_7977699_7977947_neg_604	-0.359185	-1	5
NC_064042.1_17286273_17286522_neg_605	0.0617575	-1	1
NC_064036.1_1039555_1039804_neg_606	-0.229037	-1	5
NC_064045.1_14841063_14841311_neg_607	-0.512541	-1	2
NC_064042.1_5442967_5443215_neg_608	0.054262	-1	1
NC_064036.1_6853213_6853461_neg_609	0.123387	-1	5
NC_064039.1_3213841_3214089_neg_610	-0.185061	-1	5
NC_064042.1_5339532_5339781_neg_611	-0.12924	-1	1
NC_064046.1_9627325_9627573_neg_612	-0.250886	-1	2
NC_064034.1_4462693_4462942_neg_613	0.147307	-1	2
NC_064038.1_17146894_17147143_neg_614	0.00916398	-1	2
NC_064037.1_4758482_4758731_neg_615	-0.30956	-1	5
NC_064043.1_9702913_9703162_neg_616	0.00232508	-1	2
NC_064045.1_7865163_7865411_neg_617	-0.504145	-1	5
NC_064047.1_14187656_14187905_neg_618	-0.352589	-1	3
NC_064045.1_15290988_15291237_neg_619	-1.03259	-1	4
NC_064034.1_1494018_1494266_neg_620	0.0121338	-1	1
NC_064045.1_10234672_10234921_neg_621	-0.158052	-1	1
NC_064039.1_2833540_2833789_neg_622	-0.323588	-1	4
NC_064047.1_12625437_12625686_neg_623	-0.22524	-1	3
NC_064041.1_6004499_6004748_neg_624	-0.0812751	-1	1
NC_064037.1_13201621_13201870_neg_625	-0.187677	-1	3
NC_064046.1_1620594_1620842_neg_626	-0.253564	-1	1
NC_064037.1_19159597_19159846_neg_627	-0.184654	-1	5
NC_064038.1_12083936_12084185_neg_628	-0.153191	-1	5
NC_064040.1_14118109_14118358_neg_629	-0.555261	-1	4
NC_064036.1_20513106_20513354_neg_630	-0.073843	-1	4
NC_064041.1_12039417_12039665_neg_631	-0.0527819	-1	5
NC_064039.1_17137682_17137930_neg_632	-0.102233	-1	5
NC_064043.1_6685673_6685922_neg_633	-0.631416	-1	2
NC_064035.1_20024811_20025059_neg_634	-0.138443	-1	1
NC_064039.1_5125579_5125828_neg_635	-0.210143	-1	1
NC_064039.1_3835219_3835468_neg_636	0.330205	-1	4
NC_064048.1_5344785_5345033_neg_637	-0.0874956	-1	2
NC_064037.1_16032732_16032981_neg_638	-0.272005	-1	3
NC_064045.1_13011994_13012243_neg_639	0.323887	-1	3
NC_064045.1_12937702_12937951_neg_640	0.0317767	-1	5
NC_064047.1_14728712_14728961_neg_641	0.1001	-1	1
NC_064038.1_2322469_2322717_neg_642	-0.295528	-1	1
NC_064036.1_6626367_6626616_neg_643	0.252413	-1	1
NC_064036.1_4637307_4637556_neg_644	-0.43981	-1	3
NC_064035.1_4263389_4263638_neg_645	-0.00344085	-1	5
NC_064034.1_10338968_10339217_neg_646	-0.0594245	-1	3
NC_064045.1_3709407_3709656_neg_647	-0.0695385	-1	4
NC_064045.1_10927489_10927737_neg_648	-0.0795672	-1	1
NC_064048.1_3154019_3154267_neg_649	-0.080704	-1	1
NC_064047.1_10062288_10062536_neg_650	-0.373447	-1	4
NC_064048.1_761773_762022_neg_651	-0.129914	-1	3
NC_064046.1_8758608_8758857_neg_652	-0.24458	-1	2
NC_064039.1_16328034_16328283_neg_653	-0.062735	-1	5
NC_064034.1_160256_160505_neg_654	-0.7009	-1	2
NC_064046.1_13528554_13528802_neg_655	-0.493363	-1	3
NC_064040.1_17369231_17369479_neg_656	0.076556	-1	5
NC_064044.1_15041062_15041310_neg_657	-0.197028	-1	3
NC_064035.1_4839776_4840024_neg_658	-0.551852	-1	2
NC_064034.1_143379_143628_neg_659	-0.562879	-1	1
NC_064043.1_2354166_2354414_neg_660	-0.778007	-1	3
NC_064040.1_10906610_10906858_neg_661	-0.806903	-1	2
NC_064041.1_14497464_14497712_neg_662	0.100371	-1	3
NC_064045.1_12538514_12538763_neg_663	-0.010853	-1	4
NC_064034.1_13529316_13529565_neg_664	-0.0569626	-1	4
NC_064037.1_1114320_1114569_neg_665	-0.047945	-1	5
NC_064036.1_20117420_20117668_neg_666	-0.0301041	-1	1
NC_064040.1_9557020_9557268_neg_667	-0.158084	-1	5
NC_064044.1_14890354_14890602_neg_668	-0.204959	-1	3
NC_064035.1_5546224_5546472_neg_669	-0.369717	-1	1
NC_064037.1_8962281_8962529_neg_670	-0.238842	-1	4
NC_064036.1_8685349_8685597_neg_671	-0.13546	-1	3
NC_064037.1_5706872_5707120_neg_672	-0.0866082	-1	2
NC_064048.1_9449127_9449376_neg_673	0.108226	-1	5
NC_064048.1_2836620_2836869_neg_674	-0.537179	-1	4
NC_064048.1_1953835_1954084_neg_675	-0.00550263	-1	2
NC_064035.1_1301932_1302180_neg_676	-0.140924	-1	1
NC_064047.1_14738997_14739246_neg_677	0.0337383	-1	5
NC_064041.1_2938740_2938988_neg_678	-0.222274	-1	1
NC_064047.1_2831763_2832011_neg_679	-0.191719	-1	1
NC_064048.1_2126009_2126257_neg_680	-0.106153	-1	2
NC_064038.1_13722233_13722482_neg_681	0.0305392	-1	3
NC_064038.1_17652030_17652279_neg_682	-0.220049	-1	2
NC_064047.1_13682515_13682764_neg_683	-0.235264	-1	3
NC_064043.1_4428936_4429184_neg_684	-0.0569136	-1	2
NC_064043.1_11772321_11772570_neg_685	-0.41045	-1	5
NC_064038.1_18982262_18982511_neg_686	0.0870276	-1	2
NC_064037.1_12041253_12041502_neg_687	-0.171123	-1	3
NC_064045.1_2927620_2927869_neg_688	0.175846	-1	5
NC_064047.1_3446945_3447193_neg_689	-0.333759	-1	4
NC_064039.1_6308616_6308865_neg_690	-0.030878	-1	4
NC_064043.1_3779156_3779405_neg_691	-0.0804687	-1	1
NC_064039.1_13426467_13426716_neg_692	-0.263554	-1	3
NC_064042.1_9403088_9403336_neg_693	0.00257289	-1	1
NC_064048.1_13082477_13082726_neg_694	-1.09045	-1	5
NC_064035.1_8001376_8001625_neg_695	-0.188015	-1	1
NC_064047.1_8928220_8928468_neg_696	0.17985	-1	3
NC_064034.1_823468_823716_neg_697	-0.355565	-1	1
NC_064039.1_1732361_1732610_neg_698	0.397354	-1	4
NC_064042.1_5162834_5163082_neg_699	-0.0741838	-1	5
NC_064041.1_11994597_11994846_neg_700	0.292285	-1	4
