NC_064034.1_4184406_4184655_pos_1	0.0492034	1	5
NC_064034.1_4429982_4430231_pos_2	0.168161	1	4
NC_064034.1_5581341_5581590_pos_3	-0.0348214	1	2
NC_064034.1_3872276_3872525_pos_4	0.21711	1	1
NC_064034.1_7098966_7099215_pos_5	0.0115232	1	1
NC_064034.1_3577277_3577526_pos_6	0.147984	1	5
NC_064034.1_4565754_4566003_pos_7	0.208679	1	4
NC_064034.1_4573690_4573939_pos_8	-0.13137	1	5
NC_064034.1_4709023_4709272_pos_9	0.119141	1	3
NC_064034.1_7136797_7137046_pos_10	0.205894	1	1
NC_064034.1_4713370_4713619_pos_11	0.220419	1	1
NC_064034.1_4569187_4569436_pos_12	0.0630038	1	4
NC_064034.1_3430773_3431022_pos_13	0.121208	1	3
NC_064034.1_633213_633462_pos_14	0.0286055	1	3
NC_064034.1_2167280_2167529_pos_15	-0.0155234	1	5
NC_064034.1_2942807_2943056_pos_16	0.014129	1	3
NC_064034.1_4421414_4421663_pos_17	0.0620375	1	2
NC_064034.1_4563499_4563748_pos_18	-0.127914	1	5
NC_064034.1_4566481_4566730_pos_19	0.124532	1	5
NC_064034.1_4571449_4571698_pos_20	0.00879533	1	3
NC_064034.1_4575262_4575511_pos_21	0.118108	1	4
NC_064034.1_4575441_4575689_pos_22	0.0992073	1	2
NC_064034.1_4575654_4575903_pos_23	0.0168682	1	4
NC_064034.1_4712708_4712957_pos_24	-0.0653386	1	3
NC_064034.1_5135334_5135582_pos_25	0.0409839	1	5
NC_064034.1_5567267_5567516_pos_26	0.0238034	1	5
NC_064034.1_5624318_5624567_pos_27	-0.176666	1	3
NC_064034.1_4711180_4711429_pos_28	0.154329	1	1
NC_064034.1_6214718_6214967_pos_29	0.111012	1	5
NC_064034.1_5135489_5135738_pos_30	0.0338278	1	5
NC_064034.1_5173178_5173427_pos_31	0.156131	1	5
NC_064034.1_5780801_5781050_pos_32	0.0508737	1	3
NC_064034.1_604739_604988_pos_33	0.0734518	1	1
NC_064034.1_1582133_1582382_pos_34	0.129352	1	2
NC_064034.1_1835035_1835283_pos_35	0.115064	1	5
NC_064034.1_1927237_1927486_pos_36	0.230034	1	5
NC_064034.1_1941798_1942047_pos_37	0.0957626	1	1
NC_064034.1_2168493_2168742_pos_38	0.0184889	1	2
NC_064034.1_2199503_2199752_pos_39	-0.0666747	1	3
NC_064034.1_2204751_2205000_pos_40	0.139458	1	1
NC_064034.1_2472086_2472335_pos_41	0.0595773	1	2
NC_064034.1_2753622_2753870_pos_42	1.73844e-05	1	5
NC_064034.1_2946075_2946324_pos_43	0.133633	1	1
NC_064034.1_2947473_2947722_pos_44	0.066297	1	5
NC_064034.1_3349460_3349709_pos_45	0.0962025	1	1
NC_064034.1_3436183_3436432_pos_46	0.0409742	1	2
NC_064034.1_3461630_3461879_pos_47	0.0512281	1	2
NC_064034.1_3487031_3487280_pos_48	0.157767	1	5
NC_064034.1_3499588_3499837_pos_49	0.351926	1	4
NC_064034.1_3529279_3529528_pos_50	0.0220459	1	2
NC_064034.1_4058145_4058394_pos_51	0.108911	1	3
NC_064034.1_4190110_4190359_pos_52	-0.0783422	1	1
NC_064034.1_4522831_4523080_pos_53	-0.0463655	1	4
NC_064034.1_4563773_4564022_pos_54	-0.461815	1	1
NC_064034.1_4568658_4568907_pos_55	0.124562	1	4
NC_064034.1_4576355_4576604_pos_56	0.140981	1	3
NC_064034.1_4710107_4710356_pos_57	-0.18943	1	5
NC_064034.1_4777277_4777526_pos_58	0.100848	1	5
NC_064034.1_5268136_5268384_pos_59	0.0605121	1	3
NC_064034.1_5546727_5546976_pos_60	0.0420697	1	5
NC_064034.1_5780297_5780546_pos_61	-0.0538308	1	4
NC_064034.1_6330813_6331062_pos_62	-0.0215088	1	4
NC_064034.1_6725089_6725338_pos_63	0.0509327	1	3
NC_064034.1_1414706_1414955_pos_64	-0.0274313	1	3
NC_064034.1_7025552_7025801_pos_65	0.17501	1	5
NC_064034.1_2753461_2753710_pos_66	0.190251	1	3
NC_064034.1_4563080_4563329_pos_67	0.0598829	1	4
NC_064034.1_6828821_6829070_pos_68	-0.0888398	1	2
NC_064034.1_3590535_3590784_pos_69	0.104742	1	5
NC_064034.1_4253820_4254069_pos_70	0.278711	1	3
NC_064034.1_5779046_5779295_pos_71	-0.069459	1	3
NC_064034.1_6768585_6768834_pos_72	-0.0807062	1	1
NC_064034.1_1090336_1090585_pos_73	0.0852361	1	3
NC_064034.1_6479100_6479349_pos_74	-0.0681823	1	3
NC_064034.1_1583945_1584194_pos_75	-0.096997	1	3
NC_064034.1_2946979_2947228_pos_76	0.166166	1	1
NC_064034.1_4566820_4567069_pos_77	0.0708295	1	4
NC_064034.1_229913_230161_pos_78	-0.55088	1	2
NC_064034.1_629898_630147_pos_79	0.0932598	1	5
NC_064034.1_642213_642462_pos_80	0.101141	1	4
NC_064034.1_673561_673810_pos_81	0.0610121	1	1
NC_064034.1_847825_848074_pos_82	0.161401	1	1
NC_064034.1_1068624_1068873_pos_83	0.101208	1	5
NC_064034.1_1073963_1074212_pos_84	0.0374121	1	2
NC_064034.1_1207710_1207959_pos_85	0.118758	1	1
NC_064034.1_1252040_1252289_pos_86	0.14506	1	4
NC_064034.1_1252298_1252547_pos_87	0.115262	1	3
NC_064034.1_1278624_1278873_pos_88	0.0399618	1	2
NC_064034.1_1304033_1304282_pos_89	0.129634	1	1
NC_064034.1_1370283_1370531_pos_90	0.153644	1	3
NC_064034.1_1382941_1383189_pos_91	0.0546914	1	5
NC_064034.1_1421616_1421864_pos_92	0.0609992	1	2
NC_064034.1_1517043_1517291_pos_93	0.125504	1	3
NC_064034.1_1583643_1583892_pos_94	0.132427	1	4
NC_064034.1_1610440_1610689_pos_95	-0.0624249	1	4
NC_064034.1_1614658_1614907_pos_96	0.0705898	1	4
NC_064034.1_1690780_1691028_pos_97	0.0140114	1	1
NC_064034.1_1818001_1818249_pos_98	0.0876856	1	1
NC_064034.1_1855291_1855540_pos_99	0.158809	1	4
NC_064034.1_1932654_1932903_pos_100	0.199823	1	5
NC_064034.1_1934039_1934288_pos_101	-0.0679985	1	1
NC_064034.1_2036914_2037163_pos_102	-0.00182401	1	3
NC_064034.1_2072187_2072436_pos_103	0.0699868	1	2
NC_064034.1_2073744_2073993_pos_104	0.199232	1	4
NC_064034.1_2092851_2093100_pos_105	0.126959	1	4
NC_064034.1_2093659_2093908_pos_106	0.130294	1	2
NC_064034.1_2119336_2119584_pos_107	0.233684	1	4
NC_064034.1_2131181_2131430_pos_108	0.0907714	1	4
NC_064034.1_2152576_2152825_pos_109	-0.0463273	1	2
NC_064034.1_2175465_2175714_pos_110	-0.154024	1	1
NC_064034.1_2176400_2176648_pos_111	0.110268	1	1
NC_064034.1_2187847_2188096_pos_112	-0.0227827	1	5
NC_064034.1_2197955_2198204_pos_113	0.055454	1	1
NC_064034.1_2198516_2198765_pos_114	0.0749872	1	1
NC_064034.1_2205487_2205736_pos_115	0.0629941	1	4
NC_064034.1_2272562_2272811_pos_116	0.215997	1	1
NC_064034.1_2396502_2396751_pos_117	0.269824	1	3
NC_064034.1_2409297_2409546_pos_118	0.178602	1	4
NC_064034.1_2443897_2444146_pos_119	-0.104157	1	2
NC_064034.1_2444163_2444412_pos_120	0.024103	1	3
NC_064034.1_2528650_2528899_pos_121	0.011493	1	1
NC_064034.1_2536215_2536463_pos_122	0.369301	1	4
NC_064034.1_2547099_2547348_pos_123	0.08957	1	3
NC_064034.1_2560052_2560301_pos_124	-0.213238	1	1
NC_064034.1_2562501_2562749_pos_125	0.0874543	1	4
NC_064034.1_2563450_2563699_pos_126	0.0230043	1	5
NC_064034.1_2593568_2593817_pos_127	0.00988179	1	4
NC_064034.1_2703526_2703775_pos_128	0.134658	1	3
NC_064034.1_2767501_2767750_pos_129	-0.00451805	1	2
NC_064034.1_2828213_2828461_pos_130	0.227112	1	4
NC_064034.1_2864471_2864719_pos_131	-0.0649036	1	2
NC_064034.1_2904594_2904842_pos_132	0.191449	1	1
NC_064034.1_2908448_2908696_pos_133	0.113819	1	4
NC_064034.1_2949966_2950215_pos_134	0.0335544	1	1
NC_064034.1_2953124_2953372_pos_135	-0.0557102	1	5
NC_064034.1_2953796_2954044_pos_136	-0.101613	1	4
NC_064034.1_3023958_3024207_pos_137	0.243151	1	3
NC_064034.1_3061099_3061348_pos_138	0.128126	1	1
NC_064034.1_3075621_3075870_pos_139	-0.0649433	1	2
NC_064034.1_3298449_3298698_pos_140	-0.000239031	1	3
NC_064034.1_3339742_3339991_pos_141	0.153217	1	3
NC_064034.1_3346692_3346941_pos_142	0.0987046	1	5
NC_064034.1_3350391_3350640_pos_143	0.115597	1	5
NC_064034.1_3351046_3351295_pos_144	0.0625887	1	1
NC_064034.1_3423646_3423894_pos_145	-0.0989354	1	5
NC_064034.1_3464205_3464454_pos_146	0.143065	1	5
NC_064034.1_3542191_3542440_pos_147	0.0135108	1	2
NC_064034.1_3554161_3554409_pos_148	0.257263	1	1
NC_064034.1_3577441_3577689_pos_149	0.0536333	1	2
NC_064034.1_3636170_3636419_pos_150	-0.10589	1	4
NC_064034.1_3681727_3681975_pos_151	0.269128	1	2
NC_064034.1_3693925_3694174_pos_152	0.0494627	1	1
NC_064034.1_3801102_3801351_pos_153	-0.0807851	1	5
NC_064034.1_3987812_3988061_pos_154	0.101382	1	2
NC_064034.1_4064841_4065090_pos_155	-0.0372266	1	2
NC_064034.1_4079740_4079989_pos_156	0.0932021	1	1
NC_064034.1_4083073_4083322_pos_157	0.101089	1	5
NC_064034.1_4137681_4137930_pos_158	0.0257748	1	3
NC_064034.1_4171595_4171844_pos_159	0.0690242	1	2
NC_064034.1_4186367_4186616_pos_160	0.189557	1	3
NC_064034.1_4187574_4187823_pos_161	0.233074	1	4
NC_064034.1_4189240_4189489_pos_162	-0.00350243	1	5
NC_064034.1_4203664_4203913_pos_163	0.0136842	1	5
NC_064034.1_4217664_4217912_pos_164	0.0761815	1	2
NC_064034.1_4228780_4229028_pos_165	0.121879	1	3
NC_064034.1_4231389_4231638_pos_166	0.240951	1	4
NC_064034.1_4294857_4295106_pos_167	0.0746126	1	5
NC_064034.1_4308277_4308526_pos_168	-0.096754	1	3
NC_064034.1_4317399_4317648_pos_169	-0.438463	1	2
NC_064034.1_4333759_4334008_pos_170	0.0838182	1	1
NC_064034.1_4334540_4334789_pos_171	0.18357	1	2
NC_064034.1_4370958_4371206_pos_172	-0.0729818	1	1
NC_064034.1_4406269_4406518_pos_173	0.0756028	1	5
NC_064034.1_4406622_4406871_pos_174	0.0822639	1	1
NC_064034.1_4408030_4408279_pos_175	0.150626	1	4
NC_064034.1_4439044_4439293_pos_176	0.0385948	1	3
NC_064034.1_4464144_4464393_pos_177	0.0357805	1	2
NC_064034.1_4511652_4511901_pos_178	0.187812	1	4
NC_064034.1_4551570_4551819_pos_179	-0.0910833	1	2
NC_064034.1_4551838_4552087_pos_180	0.0912446	1	5
NC_064034.1_4570849_4571098_pos_181	-0.135564	1	4
NC_064034.1_4574298_4574547_pos_182	0.0152737	1	2
NC_064034.1_4651030_4651278_pos_183	-0.0771295	1	4
NC_064034.1_4660253_4660502_pos_184	0.089632	1	1
NC_064034.1_4677909_4678158_pos_185	0.102862	1	2
NC_064034.1_4695490_4695739_pos_186	-0.0279724	1	1
NC_064034.1_4750149_4750398_pos_187	0.125791	1	2
NC_064034.1_4794786_4795034_pos_188	0.00782596	1	4
NC_064034.1_4861970_4862219_pos_189	0.0935822	1	4
NC_064034.1_4866920_4867169_pos_190	-0.0660468	1	4
NC_064034.1_4882140_4882388_pos_191	0.192263	1	5
NC_064034.1_4883068_4883317_pos_192	-0.0399505	1	3
NC_064034.1_4914635_4914884_pos_193	0.0615703	1	3
NC_064034.1_4914799_4915047_pos_194	0.237028	1	5
NC_064034.1_4929990_4930239_pos_195	0.090254	1	3
NC_064034.1_5007394_5007642_pos_196	-0.188854	1	1
NC_064034.1_5035680_5035929_pos_197	0.195729	1	2
NC_064034.1_5044905_5045154_pos_198	-0.126645	1	1
NC_064034.1_5099100_5099349_pos_199	0.0467455	1	5
NC_064034.1_5099803_5100052_pos_200	0.162932	1	2
NC_064034.1_5220932_5221181_pos_201	-0.0307204	1	5
NC_064034.1_5293654_5293902_pos_202	2.25048e-05	1	1
NC_064034.1_5337241_5337489_pos_203	0.123186	1	1
NC_064034.1_5354551_5354800_pos_204	0.0764085	1	3
NC_064034.1_5457144_5457393_pos_205	-0.781307	1	1
NC_064034.1_5547268_5547517_pos_206	-0.124391	1	5
NC_064034.1_5582344_5582593_pos_207	-0.0762069	1	3
NC_064034.1_5704301_5704550_pos_208	0.0611978	1	2
NC_064034.1_5796485_5796734_pos_209	-0.0175415	1	1
NC_064034.1_5870517_5870765_pos_210	0.0808841	1	2
NC_064034.1_5879310_5879559_pos_211	0.132847	1	4
NC_064034.1_6129423_6129672_pos_212	-0.0342832	1	4
NC_064034.1_6158725_6158973_pos_213	0.092819	1	4
NC_064034.1_6172174_6172423_pos_214	-0.132123	1	4
NC_064034.1_6190434_6190683_pos_215	0.134513	1	5
NC_064034.1_6251034_6251283_pos_216	0.12614	1	3
NC_064034.1_6270925_6271173_pos_217	-0.108266	1	1
NC_064034.1_6307476_6307724_pos_218	-0.107118	1	3
NC_064034.1_6458399_6458648_pos_219	-0.0158594	1	3
NC_064034.1_6622721_6622970_pos_220	-0.0287341	1	3
NC_064034.1_6623955_6624204_pos_221	0.0216627	1	3
NC_064034.1_6662949_6663197_pos_222	-0.302205	1	1
NC_064034.1_6682790_6683039_pos_223	0.015502	1	5
NC_064034.1_6732161_6732410_pos_224	0.10002	1	2
NC_064034.1_6737437_6737686_pos_225	-0.0598157	1	2
NC_064034.1_6842751_6842999_pos_226	0.103029	1	5
NC_064034.1_6909188_6909437_pos_227	0.0255663	1	4
NC_064034.1_7041502_7041751_pos_228	-0.099555	1	5
NC_064034.1_7071724_7071973_pos_229	-0.140587	1	2
NC_064034.1_7103841_7104090_pos_230	0.0671504	1	3
NC_064034.1_7118377_7118626_pos_231	0.222739	1	3
NC_064034.1_7135797_7136046_pos_232	0.186432	1	1
NC_064034.1_7099590_7099839_pos_233	0.194664	1	4
NC_064034.1_838823_839072_pos_234	0.0541772	1	4
NC_064034.1_1625207_1625456_pos_235	0.171826	1	2
NC_064034.1_4807180_4807429_pos_236	0.150455	1	2
NC_064034.1_6176618_6176867_pos_237	0.0137026	1	3
NC_064034.1_6219336_6219585_pos_238	0.0188426	1	3
NC_064034.1_766692_766940_pos_239	-0.0215455	1	2
NC_064034.1_2092544_2092793_pos_240	0.0988531	1	4
NC_064034.1_2292472_2292721_pos_241	0.151735	1	2
NC_064034.1_3897813_3898062_pos_242	-0.102467	1	2
NC_064034.1_3910629_3910878_pos_243	0.0554075	1	1
NC_064034.1_5130651_5130900_pos_244	0.327397	1	4
NC_064034.1_5369140_5369389_pos_245	-0.0776267	1	1
NC_064034.1_6132355_6132604_pos_246	0.160385	1	4
NC_064034.1_1251668_1251917_pos_247	0.0539719	1	2
NC_064034.1_4682288_4682537_pos_248	0.137609	1	2
NC_064034.1_5045283_5045532_pos_249	0.00965563	1	2
NC_064034.1_2658492_2658741_pos_250	0.1956	1	3
NC_064034.1_4694875_4695124_pos_251	0.173065	1	5
NC_064034.1_2199880_2200129_pos_252	0.215777	1	5
NC_064034.1_888262_888511_pos_253	0.289606	1	2
NC_064034.1_2098111_2098360_pos_254	0.192549	1	2
NC_064034.1_3327014_3327263_pos_255	0.129843	1	4
NC_064034.1_3349792_3350041_pos_256	0.0284982	1	5
NC_064034.1_4724898_4725147_pos_257	0.146616	1	5
NC_064034.1_4865203_4865452_pos_258	0.0199357	1	5
NC_064034.1_4927254_4927503_pos_259	0.159807	1	3
NC_064034.1_5133250_5133499_pos_260	0.157499	1	1
NC_064034.1_6327342_6327591_pos_261	0.214542	1	4
NC_064034.1_6461586_6461835_pos_262	0.000436169	1	3
NC_064045.1_16000280_16000528_neg_1	-0.906261	-1	2
NC_064039.1_8163433_8163682_neg_2	0.235794	-1	4
NC_064037.1_9942913_9943162_neg_3	0.0764522	-1	1
NC_064042.1_16763734_16763982_neg_4	0.0125938	-1	5
NC_064035.1_12244123_12244371_neg_5	-0.152894	-1	1
NC_064037.1_6695013_6695262_neg_6	0.0821604	-1	4
NC_064037.1_14894340_14894589_neg_7	0.104261	-1	2
NC_064044.1_10279864_10280113_neg_8	0.139209	-1	1
NC_064046.1_894995_895243_neg_9	-0.141041	-1	3
NC_064048.1_1987684_1987933_neg_10	-0.0511828	-1	5
NC_064046.1_9704299_9704548_neg_11	-0.0219487	-1	5
NC_064039.1_5050147_5050396_neg_12	0.0188277	-1	2
NC_064040.1_4506680_4506929_neg_13	0.134983	-1	4
NC_064043.1_914303_914552_neg_14	-0.0453425	-1	5
NC_064046.1_13094629_13094878_neg_15	-0.00010296	-1	4
NC_064048.1_5002541_5002789_neg_16	-0.18724	-1	4
NC_064043.1_1793668_1793917_neg_17	-0.0901706	-1	2
NC_064043.1_6087834_6088082_neg_18	-0.0249144	-1	4
NC_064039.1_13019842_13020090_neg_19	0.0259339	-1	4
NC_064042.1_14819371_14819619_neg_20	-0.204625	-1	5
NC_064045.1_10499491_10499740_neg_21	-0.170753	-1	1
NC_064036.1_9393329_9393578_neg_22	-0.295027	-1	2
NC_064044.1_2899597_2899845_neg_23	-0.0833155	-1	2
NC_064037.1_12240665_12240914_neg_24	0.0518552	-1	4
NC_064036.1_4791620_4791869_neg_25	0.102817	-1	2
NC_064034.1_19630701_19630950_neg_26	-0.112433	-1	2
NC_064047.1_6595150_6595399_neg_27	-0.260008	-1	5
NC_064040.1_10132512_10132761_neg_28	-0.102784	-1	3
NC_064043.1_9416887_9417136_neg_29	-0.12836	-1	3
NC_064038.1_11741928_11742177_neg_30	-0.121307	-1	3
NC_064046.1_4272617_4272865_neg_31	0.00021188	-1	2
NC_064038.1_4320748_4320996_neg_32	-0.0327061	-1	3
NC_064037.1_13473835_13474084_neg_33	-0.03546	-1	5
NC_064045.1_13902081_13902329_neg_34	-0.0142951	-1	1
NC_064042.1_7124808_7125057_neg_35	-0.164591	-1	5
NC_064042.1_5329962_5330210_neg_36	0.00924912	-1	5
NC_064038.1_3764005_3764254_neg_37	-0.0452301	-1	3
NC_064045.1_3200032_3200281_neg_38	-0.124759	-1	4
NC_064046.1_9199584_9199833_neg_39	-0.329401	-1	5
NC_064044.1_13372608_13372857_neg_40	-0.0162083	-1	5
NC_064034.1_6653587_6653836_neg_41	-0.00596863	-1	5
NC_064036.1_20386499_20386748_neg_42	-0.284554	-1	3
NC_064040.1_382597_382845_neg_43	-0.762782	-1	1
NC_064039.1_5143644_5143893_neg_44	0.245374	-1	1
NC_064047.1_5950712_5950961_neg_45	-0.733392	-1	1
NC_064035.1_17483584_17483833_neg_46	0.163203	-1	4
NC_064034.1_4591877_4592125_neg_47	0.0239747	-1	4
NC_064046.1_10547538_10547787_neg_48	0.201055	-1	2
NC_064047.1_12676407_12676656_neg_49	0.0636461	-1	2
NC_064035.1_4454952_4455201_neg_50	-0.162754	-1	3
NC_064043.1_8090551_8090799_neg_51	-0.015107	-1	2
NC_064040.1_7952545_7952794_neg_52	-0.0403878	-1	1
NC_064038.1_14360410_14360659_neg_53	-0.270268	-1	1
NC_064045.1_5009450_5009699_neg_54	-0.133319	-1	4
NC_064044.1_5272972_5273221_neg_55	-0.58682	-1	2
NC_064036.1_16537388_16537636_neg_56	-0.0488069	-1	3
NC_064034.1_18942690_18942939_neg_57	0.043026	-1	5
NC_064047.1_8888116_8888365_neg_58	0.0671134	-1	2
NC_064047.1_7641748_7641997_neg_59	0.0391125	-1	4
NC_064048.1_8680654_8680902_neg_60	-0.0104843	-1	5
NC_064037.1_11728714_11728963_neg_61	0.0442887	-1	2
NC_064045.1_10288859_10289107_neg_62	0.0525076	-1	5
NC_064046.1_3881134_3881382_neg_63	-0.141326	-1	5
NC_064035.1_13937740_13937989_neg_64	0.0368359	-1	1
NC_064038.1_10469457_10469705_neg_65	0.208125	-1	1
NC_064046.1_896212_896461_neg_66	-0.0435824	-1	2
NC_064040.1_10229590_10229839_neg_67	0.1184	-1	5
NC_064034.1_6448052_6448301_neg_68	-0.1299	-1	2
NC_064039.1_9580796_9581045_neg_69	0.0994872	-1	4
NC_064047.1_10679490_10679739_neg_70	0.0577158	-1	4
NC_064046.1_12632474_12632722_neg_71	-0.0560425	-1	4
NC_064036.1_20125970_20126218_neg_72	0.100121	-1	1
NC_064035.1_13632011_13632259_neg_73	-0.0829393	-1	4
NC_064045.1_6723904_6724152_neg_74	0.144474	-1	1
NC_064034.1_11402720_11402968_neg_75	-0.114469	-1	1
NC_064048.1_4716583_4716831_neg_76	-0.0812141	-1	3
NC_064039.1_11397100_11397349_neg_77	0.080396	-1	4
NC_064036.1_2857204_2857453_neg_78	-0.176354	-1	1
NC_064035.1_13229822_13230071_neg_79	-0.0624226	-1	5
NC_064039.1_12657217_12657466_neg_80	-0.0659842	-1	2
NC_064046.1_11940533_11940781_neg_81	-0.0742429	-1	1
NC_064035.1_1399154_1399402_neg_82	0.163604	-1	2
NC_064038.1_7083319_7083568_neg_83	-0.113321	-1	1
NC_064039.1_4692380_4692629_neg_84	0.00350336	-1	5
NC_064048.1_3220550_3220799_neg_85	-0.223368	-1	3
NC_064034.1_3350128_3350376_neg_86	0.0525195	-1	3
NC_064044.1_10483494_10483742_neg_87	0.203518	-1	3
NC_064040.1_12726380_12726629_neg_88	0.0718771	-1	2
NC_064036.1_13687388_13687636_neg_89	0.0718803	-1	3
NC_064048.1_9169139_9169388_neg_90	-0.0579517	-1	3
NC_064048.1_7155705_7155954_neg_91	0.113009	-1	1
NC_064047.1_7940615_7940864_neg_92	-0.195309	-1	3
NC_064046.1_2265140_2265389_neg_93	-0.0342418	-1	5
NC_064045.1_8248851_8249100_neg_94	-0.22963	-1	3
NC_064044.1_1964112_1964360_neg_95	-0.457078	-1	3
NC_064047.1_7231869_7232118_neg_96	-0.00156984	-1	3
NC_064042.1_11695293_11695542_neg_97	-0.012638	-1	1
NC_064043.1_12402779_12403028_neg_98	0.025916	-1	4
NC_064045.1_8980656_8980904_neg_99	-0.0104413	-1	5
NC_064039.1_12865421_12865670_neg_100	-0.0114122	-1	5
NC_064046.1_7407133_7407382_neg_101	-0.0393346	-1	1
NC_064045.1_10297899_10298148_neg_102	-0.0562283	-1	1
NC_064043.1_10656879_10657127_neg_103	-0.069117	-1	4
NC_064044.1_5491618_5491866_neg_104	0.0935712	-1	4
NC_064042.1_4348473_4348722_neg_105	0.0318299	-1	5
NC_064043.1_11567141_11567389_neg_106	0.236362	-1	4
NC_064042.1_8501309_8501558_neg_107	-0.161185	-1	3
NC_064040.1_12568469_12568717_neg_108	0.0194656	-1	1
NC_064045.1_5532371_5532619_neg_109	-0.0260039	-1	2
NC_064039.1_11220095_11220344_neg_110	-0.114247	-1	5
NC_064036.1_12158140_12158389_neg_111	0.0161949	-1	4
NC_064042.1_819467_819716_neg_112	-0.0490583	-1	3
NC_064036.1_16053421_16053669_neg_113	-0.102639	-1	2
NC_064047.1_2293142_2293391_neg_114	-0.0556471	-1	4
NC_064034.1_17669902_17670150_neg_115	0.0776024	-1	4
NC_064048.1_10784815_10785063_neg_116	0.067182	-1	3
NC_064041.1_14408767_14409015_neg_117	-0.193424	-1	3
NC_064036.1_2211782_2212031_neg_118	0.152743	-1	2
NC_064038.1_7531960_7532208_neg_119	-0.0107791	-1	1
NC_064040.1_10612009_10612257_neg_120	0.0808322	-1	3
NC_064040.1_4619638_4619887_neg_121	0.121199	-1	3
NC_064047.1_356270_356519_neg_122	-0.0554299	-1	4
NC_064045.1_422986_423235_neg_123	0.0230898	-1	1
NC_064043.1_10750920_10751168_neg_124	-0.1139	-1	3
NC_064034.1_84982_85231_neg_125	0.212443	-1	3
NC_064045.1_12800485_12800734_neg_126	0.077998	-1	4
NC_064042.1_11911518_11911767_neg_127	0.0138969	-1	1
NC_064039.1_17102752_17103000_neg_128	0.0245849	-1	5
NC_064046.1_8101173_8101421_neg_129	-0.0657628	-1	2
NC_064034.1_17814814_17815063_neg_130	0.0799905	-1	4
NC_064047.1_975098_975347_neg_131	-0.0560917	-1	3
NC_064047.1_9474857_9475106_neg_132	0.148013	-1	4
NC_064034.1_1652523_1652772_neg_133	-0.0765794	-1	1
NC_064040.1_12937315_12937564_neg_134	0.0761652	-1	5
NC_064045.1_1910797_1911046_neg_135	-0.193321	-1	1
NC_064035.1_10428141_10428390_neg_136	-0.116249	-1	2
NC_064034.1_18921282_18921531_neg_137	-0.0181415	-1	2
NC_064041.1_417821_418069_neg_138	0.13753	-1	2
NC_064034.1_20540373_20540621_neg_139	0.0212803	-1	4
NC_064041.1_15954973_15955222_neg_140	-0.418546	-1	1
NC_064044.1_11392506_11392755_neg_141	0.0340829	-1	2
NC_064038.1_14380788_14381037_neg_142	0.176156	-1	1
NC_064048.1_6489968_6490217_neg_143	0.0440121	-1	4
NC_064040.1_567036_567285_neg_144	-0.920797	-1	3
NW_026019270.1_11561_11810_neg_145	-0.120707	-1	2
NC_064036.1_15216688_15216936_neg_146	-0.0570715	-1	4
NC_064042.1_15044144_15044392_neg_147	-0.0598202	-1	4
NC_064044.1_5419269_5419518_neg_148	-0.0165668	-1	2
NC_064042.1_12961128_12961377_neg_149	0.173753	-1	1
NC_064044.1_13321484_13321732_neg_150	-0.126465	-1	4
NC_064046.1_2533186_2533435_neg_151	-0.0275914	-1	5
NC_064040.1_11121766_11122015_neg_152	-0.0194555	-1	2
NC_064036.1_11437671_11437920_neg_153	0.0997848	-1	5
NC_064037.1_4928402_4928650_neg_154	-0.0395011	-1	5
NC_064042.1_9590506_9590754_neg_155	-0.153391	-1	2
NC_064039.1_16440867_16441115_neg_156	0.0499692	-1	1
NC_064048.1_4286676_4286924_neg_157	-0.0136118	-1	2
NC_064046.1_8852592_8852840_neg_158	-0.448572	-1	1
NC_064037.1_2110705_2110954_neg_159	0.191648	-1	4
NC_064036.1_8294197_8294445_neg_160	0.0572442	-1	1
NC_064045.1_2205133_2205382_neg_161	-0.0776085	-1	3
NC_064038.1_3368040_3368289_neg_162	-0.139735	-1	5
NC_064034.1_10222498_10222747_neg_163	0.133471	-1	5
NC_064044.1_9723737_9723986_neg_164	0.0754831	-1	3
NC_064034.1_846283_846532_neg_165	-0.164048	-1	3
NC_064035.1_17160708_17160957_neg_166	-0.0455398	-1	4
NC_064036.1_16375131_16375380_neg_167	-0.332241	-1	4
NC_064043.1_3212630_3212878_neg_168	0.0827963	-1	5
NC_064040.1_5420548_5420796_neg_169	-0.0665382	-1	1
NC_064041.1_15357799_15358047_neg_170	0.0356193	-1	2
NC_064041.1_14634948_14635197_neg_171	-0.0238557	-1	1
NC_064038.1_8183309_8183558_neg_172	-0.115975	-1	3
NC_064035.1_13098367_13098615_neg_173	-0.0641511	-1	5
NC_064036.1_5279243_5279492_neg_174	-0.025502	-1	1
NC_064034.1_19212550_19212799_neg_175	-0.0653711	-1	3
NC_064038.1_10757095_10757344_neg_176	-0.0209547	-1	2
NC_064043.1_11178562_11178811_neg_177	0.0842378	-1	1
NC_064039.1_1232405_1232653_neg_178	0.152863	-1	4
NC_064045.1_15997040_15997288_neg_179	-1.06659	-1	4
NC_064035.1_1590528_1590777_neg_180	-0.0244167	-1	4
NC_064039.1_11329163_11329411_neg_181	-0.0273391	-1	3
NC_064037.1_5618377_5618626_neg_182	0.444896	-1	4
NC_064043.1_9084363_9084612_neg_183	0.160838	-1	2
NC_064042.1_14195622_14195870_neg_184	0.189109	-1	1
NC_064040.1_15489074_15489323_neg_185	0.00728777	-1	3
NC_064042.1_12427613_12427861_neg_186	0.0152227	-1	1
NC_064045.1_14533214_14533463_neg_187	0.188899	-1	5
NC_064034.1_782429_782678_neg_188	0.0217497	-1	2
NC_064037.1_11120422_11120670_neg_189	-0.0417737	-1	5
NC_064037.1_9896366_9896615_neg_190	-0.021083	-1	4
NC_064046.1_8125655_8125904_neg_191	-0.105112	-1	3
NC_064040.1_12459353_12459601_neg_192	-0.0218248	-1	5
NC_064039.1_5250757_5251006_neg_193	0.0748095	-1	1
NC_064044.1_4116135_4116384_neg_194	0.0647656	-1	3
NC_064034.1_19950399_19950648_neg_195	-0.126715	-1	4
NC_064041.1_8719175_8719424_neg_196	-0.164588	-1	5
NC_064036.1_16242453_16242701_neg_197	0.0876003	-1	2
NC_064043.1_12096273_12096521_neg_198	-0.012854	-1	3
NC_064046.1_10068451_10068700_neg_199	-0.0636783	-1	2
NC_064035.1_2902953_2903202_neg_200	-0.0468083	-1	3
NC_064038.1_977874_978123_neg_201	-0.106634	-1	3
NC_064044.1_4064811_4065060_neg_202	0.0184165	-1	4
NC_064041.1_5380875_5381124_neg_203	0.193271	-1	2
NC_064048.1_7685614_7685863_neg_204	0.0790537	-1	5
NC_064048.1_7694252_7694500_neg_205	0.127765	-1	2
NC_064037.1_3319690_3319938_neg_206	-0.100534	-1	2
NC_064034.1_3538496_3538744_neg_207	0.0467416	-1	2
NC_064041.1_13014639_13014887_neg_208	-0.112968	-1	2
NC_064035.1_14959249_14959498_neg_209	-0.0685764	-1	1
NC_064040.1_8507318_8507567_neg_210	0.0725846	-1	5
NC_064040.1_8165698_8165947_neg_211	-0.0267997	-1	3
NC_064043.1_12714341_12714590_neg_212	-0.122487	-1	1
NC_064041.1_10666585_10666834_neg_213	0.0954304	-1	4
NC_064035.1_11092618_11092866_neg_214	-0.0767853	-1	2
NC_064046.1_10119500_10119749_neg_215	0.0890814	-1	3
NC_064036.1_12226397_12226646_neg_216	0.120321	-1	5
NC_064035.1_21459959_21460208_neg_217	0.0858447	-1	1
NC_064042.1_7026671_7026920_neg_218	0.0340912	-1	3
NC_064034.1_17797403_17797651_neg_219	-0.0321899	-1	3
NC_064044.1_9201239_9201487_neg_220	0.0323919	-1	5
NC_064035.1_21354151_21354399_neg_221	-0.0465497	-1	3
NC_064037.1_4653337_4653586_neg_222	-0.0409967	-1	3
NC_064044.1_222725_222974_neg_223	-0.266411	-1	2
NC_064035.1_1070927_1071175_neg_224	0.242076	-1	3
NC_064035.1_5598812_5599061_neg_225	-0.144352	-1	3
NC_064037.1_18687747_18687996_neg_226	-0.104851	-1	3
NC_064039.1_18023521_18023769_neg_227	0.0740956	-1	4
NC_064035.1_4930689_4930937_neg_228	-0.195805	-1	5
NC_064047.1_5540181_5540430_neg_229	-0.520804	-1	4
NC_064041.1_5272145_5272394_neg_230	0.0987825	-1	4
NC_064038.1_18581424_18581672_neg_231	-0.0182809	-1	5
NC_064034.1_2065169_2065418_neg_232	-0.0476261	-1	1
NC_064038.1_16781904_16782152_neg_233	-0.908027	-1	3
NC_064047.1_8393507_8393756_neg_234	0.144901	-1	5
NC_064042.1_10121803_10122052_neg_235	0.0771613	-1	2
NC_064048.1_5425200_5425449_neg_236	-0.0341491	-1	3
NC_064046.1_15890981_15891230_neg_237	-0.902048	-1	1
NC_064034.1_9934535_9934783_neg_238	-0.0869705	-1	5
NC_064037.1_14131576_14131825_neg_239	-0.19822	-1	4
NC_064045.1_19176_19425_neg_240	-0.0217111	-1	2
NC_064046.1_9775876_9776124_neg_241	0.067884	-1	5
NC_064037.1_19010740_19010988_neg_242	0.0483866	-1	2
NC_064043.1_186000_186248_neg_243	0.0733041	-1	1
NC_064045.1_5056856_5057105_neg_244	-0.0261536	-1	5
NC_064043.1_7088832_7089081_neg_245	-0.181248	-1	1
NC_064034.1_9011806_9012054_neg_246	0.0124199	-1	1
NC_064034.1_6257806_6258054_neg_247	-0.0954542	-1	5
NC_064038.1_17755324_17755573_neg_248	0.0919802	-1	5
NC_064035.1_19983623_19983872_neg_249	-0.0185174	-1	5
NC_064035.1_15996430_15996679_neg_250	-0.0445024	-1	2
NC_064034.1_19983059_19983308_neg_251	-0.0923464	-1	3
NC_064037.1_10690569_10690818_neg_252	-0.12801	-1	5
NC_064039.1_9803752_9804000_neg_253	-0.00869996	-1	2
NC_064048.1_5093330_5093578_neg_254	-0.0309288	-1	1
NC_064036.1_524454_524703_neg_255	-0.240717	-1	5
NC_064036.1_7856312_7856561_neg_256	-0.128192	-1	1
NC_064048.1_10376055_10376304_neg_257	-0.0306891	-1	5
NC_064046.1_10268520_10268769_neg_258	-0.119797	-1	4
NC_064046.1_4103447_4103696_neg_259	-0.563218	-1	1
NC_064038.1_16785221_16785469_neg_260	-0.882922	-1	2
NC_064034.1_15744555_15744804_neg_261	0.179324	-1	4
NC_064035.1_6142337_6142585_neg_262	-0.0175181	-1	4
