********************************************************************************
STREME - Sensitive, Thorough, Rapid, Enriched Motif Elicitation
********************************************************************************
MEME version 5.5.7 (Release date: Wed Jun 19 13:59:04 2024 -0700)

For further information on how to interpret these results please access https://meme-suite.org/meme.
To get a copy of the MEME Suite software please access https://meme-suite.org.

********************************************************************************


********************************************************************************
REFERENCE
********************************************************************************
If you use this program in your research, please cite:

Timothy L. Bailey,
"STREME: accurate and versatile sequence motif discovery",
Bioinformatics, Mar. 24, 2021.
********************************************************************************


ALPHABET= ACGT

strands: + -

Background letter frequencies
A 0.289 C 0.211 G 0.211 T 0.289 

MOTIF 1-AAGGTCAAG STREME-1
letter-probability matrix: alength= 4 w= 9 nsites= 698 E= 1.3e-005
 0.609076 0.067194 0.233990 0.089741
 0.782378 0.000070 0.217457 0.000095
 0.000095 0.005452 0.947440 0.047013
 0.000095 0.000070 0.973152 0.026683
 0.000095 0.028821 0.005055 0.966029
 0.000095 0.935966 0.000070 0.063869
 0.891457 0.000070 0.062838 0.045635
 0.664276 0.288920 0.046708 0.000095
 0.214262 0.161251 0.560918 0.063569

MOTIF 2-GTCACGCAAYCNTC STREME-2
letter-probability matrix: alength= 4 w= 14 nsites= 380 E= 1.0e-003
 0.061571 0.015952 0.901111 0.021366
 0.028238 0.006634 0.009941 0.955188
 0.093303 0.887412 0.003326 0.015959
 0.937390 0.006030 0.027391 0.029189
 0.011454 0.962800 0.009337 0.016408
 0.056721 0.008744 0.873427 0.061108
 0.076048 0.872729 0.000019 0.051205
 0.656592 0.124389 0.112929 0.106090
 0.808485 0.082619 0.052164 0.056732
 0.106989 0.457943 0.107443 0.327625
 0.179832 0.487292 0.195629 0.137247
 0.184808 0.254226 0.197512 0.363454
 0.207244 0.148451 0.161796 0.482509
 0.140202 0.554587 0.130223 0.174988

MOTIF 3-MGATAAG STREME-3
letter-probability matrix: alength= 4 w= 7 nsites= 850 E= 1.6e-003
 0.381238 0.439811 0.000151 0.178800
 0.000207 0.000151 0.999435 0.000207
 0.999490 0.000151 0.000151 0.000207
 0.000207 0.000151 0.000151 0.999490
 0.999490 0.000151 0.000151 0.000207
 0.835949 0.163693 0.000151 0.000207
 0.000207 0.138673 0.860913 0.000207

MOTIF 4-CTTGWCAY STREME-4
letter-probability matrix: alength= 4 w= 8 nsites= 481 E= 2.9e-003
 0.000316 0.858676 0.140692 0.000316
 0.081813 0.000231 0.021761 0.896195
 0.000316 0.000231 0.000231 0.999222
 0.000316 0.000231 0.999137 0.000316
 0.316440 0.000231 0.059580 0.623748
 0.000316 0.999137 0.000231 0.000316
 0.806082 0.000231 0.000231 0.193455
 0.164631 0.526731 0.000231 0.308407

MOTIF 5-CACTTGAATK STREME-5
letter-probability matrix: alength= 4 w= 10 nsites= 366 E= 3.8e-003
 0.000126 0.892230 0.041031 0.066613
 0.901079 0.073642 0.002259 0.023020
 0.000126 0.965466 0.034283 0.000126
 0.000126 0.000092 0.007990 0.991793
 0.054830 0.199687 0.017503 0.727980
 0.000126 0.041381 0.958367 0.000126
 0.943553 0.022976 0.009170 0.024301
 0.586626 0.092324 0.263487 0.057564
 0.169346 0.172402 0.075160 0.583091
 0.071469 0.162557 0.324361 0.441613

MOTIF 6-AGGTTATC STREME-6
letter-probability matrix: alength= 4 w= 8 nsites= 299 E= 1.0e-002
 0.851257 0.119150 0.014067 0.015526
 0.002810 0.003717 0.985856 0.007616
 0.107088 0.037130 0.766780 0.089001
 0.125429 0.051050 0.064271 0.759250
 0.116807 0.084218 0.025865 0.773110
 0.971524 0.002030 0.002586 0.023860
 0.008807 0.002787 0.006446 0.981960
 0.061519 0.921760 0.001301 0.015420

MOTIF 7-CGYTATCWR STREME-7
letter-probability matrix: alength= 4 w= 9 nsites= 261 E= 1.7e-001
 0.000232 0.725032 0.274504 0.000232
 0.000232 0.000170 0.999366 0.000232
 0.000232 0.608961 0.031356 0.359451
 0.173153 0.000170 0.000170 0.826507
 0.999428 0.000170 0.000170 0.000232
 0.000232 0.000170 0.000170 0.999428
 0.000232 0.999366 0.000170 0.000232
 0.554740 0.029769 0.031867 0.383624
 0.448886 0.159199 0.316718 0.075197

MOTIF 8-CTGTCARH STREME-8
letter-probability matrix: alength= 4 w= 8 nsites= 398 E= 2.3e-001
 0.000426 0.998836 0.000312 0.000426
 0.000426 0.000312 0.000312 0.998950
 0.000426 0.000312 0.998836 0.000426
 0.000426 0.000312 0.000312 0.998950
 0.000426 0.998836 0.000312 0.000426
 0.998950 0.000312 0.000312 0.000426
 0.395585 0.106466 0.320002 0.177947
 0.258715 0.309381 0.057786 0.374118

MOTIF 9-GCGTGACAG STREME-9
letter-probability matrix: alength= 4 w= 9 nsites= 649 E= 4.5e-001
 0.000119 0.095041 0.786585 0.118254
 0.324528 0.653920 0.021433 0.000119
 0.029342 0.023599 0.775478 0.171581
 0.035536 0.088657 0.000087 0.875720
 0.000119 0.000087 0.999674 0.000119
 0.916911 0.000087 0.082882 0.000119
 0.000119 0.819159 0.000087 0.180634
 0.738454 0.031748 0.130809 0.098989
 0.102240 0.124050 0.664032 0.109678

MOTIF 10-AACCCGAKM STREME-10
letter-probability matrix: alength= 4 w= 9 nsites= 338 E= 5.4e-001
 0.963868 0.013146 0.020081 0.002905
 0.508381 0.141452 0.098325 0.251842
 0.026428 0.798124 0.013523 0.161925
 0.087320 0.787133 0.000145 0.125402
 0.000198 0.998150 0.001455 0.000198
 0.000198 0.000145 0.973258 0.026400
 0.985201 0.000145 0.014457 0.000198
 0.031883 0.068244 0.302446 0.597427
 0.329919 0.507322 0.111340 0.051419

MOTIF 11-ATCTGAC STREME-11
letter-probability matrix: alength= 4 w= 7 nsites= 866 E= 5.7e-001
 0.854272 0.081111 0.064068 0.000549
 0.030709 0.040192 0.000402 0.928697
 0.000549 0.948775 0.050126 0.000549
 0.030459 0.048767 0.023973 0.896801
 0.102247 0.111924 0.730975 0.054854
 0.894586 0.000402 0.060275 0.044738
 0.000549 0.827750 0.059309 0.112392

MOTIF 12-ATCTCACGT STREME-12
letter-probability matrix: alength= 4 w= 9 nsites= 274 E= 5.7e-001
 0.998179 0.001394 0.000180 0.000246
 0.000246 0.138782 0.000180 0.860791
 0.000246 0.999327 0.000180 0.000246
 0.000246 0.000180 0.264050 0.735523
 0.000246 0.771774 0.005695 0.222285
 0.633073 0.000180 0.259094 0.107653
 0.128006 0.683684 0.040600 0.147711
 0.000246 0.000180 0.999327 0.000246
 0.078346 0.128762 0.180134 0.612758

MOTIF 13-CGTGTC STREME-13
letter-probability matrix: alength= 4 w= 6 nsites= 861 E= 7.3e-001
 0.001027 0.997196 0.000751 0.001027
 0.001027 0.000751 0.997196 0.001027
 0.185498 0.000751 0.144570 0.669181
 0.153580 0.000751 0.844642 0.001027
 0.192065 0.000751 0.000751 0.806433
 0.001027 0.997196 0.000751 0.001027

MOTIF 14-ACYGATAG STREME-14
letter-probability matrix: alength= 4 w= 8 nsites= 353 E= 7.6e-001
 0.567365 0.135111 0.281438 0.016086
 0.000447 0.676894 0.000327 0.322332
 0.000447 0.400974 0.000327 0.598252
 0.000447 0.000327 0.998779 0.000447
 0.998899 0.000327 0.000327 0.000447
 0.000447 0.000327 0.000327 0.998899
 0.924155 0.075071 0.000327 0.000447
 0.216658 0.169690 0.613205 0.000447

MOTIF 15-TATCTCGAG STREME-15
letter-probability matrix: alength= 4 w= 9 nsites= 118 E= 8.6e-001
 0.039974 0.007371 0.000428 0.952227
 0.933275 0.019393 0.037277 0.010055
 0.026050 0.057178 0.010966 0.905806
 0.005189 0.964849 0.029376 0.000585
 0.003005 0.000428 0.093880 0.902686
 0.039969 0.770865 0.036291 0.152875
 0.098358 0.022220 0.845653 0.033769
 0.982083 0.000428 0.000428 0.017061
 0.203877 0.025672 0.735796 0.034655

MOTIF 16-ATGGCGCAAAGGTTC STREME-16
letter-probability matrix: alength= 4 w= 15 nsites= 18 E= 2.4e+000
 0.686259 0.000421 0.238478 0.074842
 0.000575 0.000421 0.000421 0.998584
 0.061283 0.000421 0.863454 0.074842
 0.000575 0.000421 0.998430 0.000575
 0.000575 0.849895 0.000421 0.149110
 0.000575 0.000421 0.998430 0.000575
 0.000575 0.998430 0.000421 0.000575
 0.924316 0.000421 0.074688 0.000575
 0.998584 0.000421 0.000421 0.000575
 0.686259 0.000421 0.312745 0.000575
 0.000575 0.000421 0.775627 0.223377
 0.000575 0.074688 0.849895 0.074842
 0.000575 0.293132 0.000421 0.705872
 0.074842 0.000421 0.000421 0.924316
 0.000575 0.998430 0.000421 0.000575

MOTIF 17-AATTTGATACTC STREME-17
letter-probability matrix: alength= 4 w= 12 nsites= 43 E= 9.3e+000
 0.919363 0.045012 0.000310 0.035316
 0.870677 0.000310 0.128590 0.000423
 0.000423 0.101891 0.079904 0.817781
 0.070551 0.035202 0.000310 0.893937
 0.198890 0.064670 0.000310 0.736130
 0.000423 0.000310 0.998844 0.000423
 0.998957 0.000310 0.000310 0.000423
 0.018666 0.000310 0.000310 0.980715
 0.907558 0.025736 0.000310 0.066396
 0.045125 0.850340 0.083946 0.020588
 0.071040 0.058794 0.000310 0.869856
 0.167754 0.740184 0.000310 0.091752

MOTIF 18-CTAGATACTTCGTGTA STREME-18
letter-probability matrix: alength= 4 w= 16 nsites= 16 E= 1.8e+001
 0.000614 0.998323 0.000449 0.000614
 0.000614 0.000449 0.000449 0.998488
 0.775032 0.159073 0.065281 0.000614
 0.000614 0.000449 0.839699 0.159238
 0.839864 0.000449 0.000449 0.159238
 0.079926 0.000449 0.000449 0.919176
 0.998488 0.000449 0.000449 0.000614
 0.000614 0.919011 0.000449 0.079926
 0.000614 0.000449 0.079761 0.919176
 0.000614 0.079761 0.000449 0.919176
 0.079926 0.919011 0.000449 0.000614
 0.000614 0.159073 0.839699 0.000614
 0.079926 0.159073 0.000449 0.760552
 0.159238 0.000449 0.760388 0.079926
 0.000614 0.000449 0.000449 0.998488
 0.839864 0.159073 0.000449 0.000614

********************************************************************************
Stopped because 3 consecutive motifs exceeded the p-value threshold (0.05).
********************************************************************************
COMMAND:	streme --oc /users/asebe/aelek/proj/scATAC_nvec_v2/Nematostella_scATAC/results/Motifs/streme/muscle//peaks_muscle_MR/streme --dna --minw 6 --maxw 18 --p /users/asebe/aelek/proj/scATAC_nvec_v2/Nematostella_scATAC/results/Motifs/streme/muscle//peaks_muscle_MR.fasta --n /users/asebe/aelek/proj/scATAC_nvec_v2/Nematostella_scATAC/results/Motifs/streme/muscle//peaks_muscle_MR_bg.fasta
********************************************************************************
CPU:		genoa64-03
********************************************************************************
FINALTIME:	4920.16 seconds
********************************************************************************
