********************************************************************************
STREME - Sensitive, Thorough, Rapid, Enriched Motif Elicitation
********************************************************************************
MEME version 5.5.7 (Release date: Wed Jun 19 13:59:04 2024 -0700)

For further information on how to interpret these results please access https://meme-suite.org/meme.
To get a copy of the MEME Suite software please access https://meme-suite.org.

********************************************************************************


********************************************************************************
REFERENCE
********************************************************************************
If you use this program in your research, please cite:

Timothy L. Bailey,
"STREME: accurate and versatile sequence motif discovery",
Bioinformatics, Mar. 24, 2021.
********************************************************************************


ALPHABET= ACGT

strands: + -

Background letter frequencies
A 0.288 C 0.212 G 0.212 T 0.288 

MOTIF 1-CAARATGGCGGCY STREME-1
letter-probability matrix: alength= 4 w= 13 nsites= 643 E= 3.8e-007
 0.022221 0.923300 0.024128 0.030351
 0.893621 0.011223 0.059863 0.035293
 0.900989 0.014934 0.033490 0.050587
 0.541093 0.076824 0.278539 0.103544
 0.945972 0.029779 0.014934 0.009315
 0.018677 0.014934 0.007512 0.958877
 0.029811 0.003800 0.966268 0.000121
 0.010071 0.022356 0.930340 0.037233
 0.020448 0.929323 0.003800 0.046428
 0.031582 0.035364 0.843743 0.089311
 0.095414 0.040746 0.801140 0.062699
 0.182558 0.655116 0.070051 0.092276
 0.142374 0.301367 0.100294 0.455964

MOTIF 2-CACAGGNADCCCRA STREME-2
letter-probability matrix: alength= 4 w= 14 nsites= 922 E= 2.1e-005
 0.039924 0.936601 0.008190 0.015285
 0.995765 0.000049 0.004120 0.000066
 0.057840 0.937974 0.000049 0.004137
 0.995765 0.000049 0.004120 0.000066
 0.000066 0.002084 0.997783 0.000066
 0.036021 0.033493 0.930420 0.000066
 0.351621 0.190297 0.271075 0.187007
 0.618897 0.087125 0.077514 0.216464
 0.339618 0.075276 0.296022 0.289084
 0.161066 0.801374 0.000049 0.037511
 0.000066 0.999818 0.000049 0.000066
 0.024186 0.924663 0.005091 0.046060
 0.587262 0.026754 0.366720 0.019263
 0.449786 0.206956 0.151477 0.191782

MOTIF 3-AAAAAAAAT STREME-3
letter-probability matrix: alength= 4 w= 9 nsites= 590 E= 2.9e-003
 0.997668 0.000695 0.000695 0.000942
 0.780015 0.000695 0.059713 0.159577
 0.941092 0.000695 0.016982 0.041230
 0.953839 0.000695 0.033592 0.011874
 0.772808 0.000695 0.098839 0.127658
 0.929463 0.000695 0.036162 0.033681
 0.997668 0.000695 0.000695 0.000942
 0.997668 0.000695 0.000695 0.000942
 0.000942 0.000695 0.000695 0.997668

MOTIF 4-CARGCCCCWCTCGGCCM STREME-4
letter-probability matrix: alength= 4 w= 17 nsites= 59 E= 2.3e-001
 0.023724 0.951999 0.023528 0.000749
 0.837314 0.161385 0.000552 0.000749
 0.483309 0.000552 0.515390 0.000749
 0.000749 0.023528 0.903266 0.072458
 0.069676 0.768191 0.069483 0.092651
 0.000749 0.997950 0.000552 0.000749
 0.046700 0.814126 0.000552 0.138622
 0.023724 0.974975 0.000552 0.000749
 0.424987 0.046504 0.023528 0.504981
 0.000749 0.974975 0.000552 0.023724
 0.000749 0.046504 0.000552 0.952195
 0.023724 0.974975 0.000552 0.000749
 0.000749 0.000552 0.974975 0.023724
 0.000749 0.000552 0.906048 0.092651
 0.115627 0.585686 0.023528 0.275160
 0.023724 0.951999 0.000552 0.023724
 0.417161 0.424788 0.000552 0.157499

MOTIF 5-ATAACGACTGGGT STREME-5
letter-probability matrix: alength= 4 w= 13 nsites= 41 E= 3.8e-001
 0.893440 0.070011 0.035421 0.001127
 0.001127 0.035421 0.000832 0.962620
 0.858851 0.070011 0.070011 0.001127
 0.962620 0.035421 0.000832 0.001127
 0.001127 0.962324 0.000832 0.035717
 0.001127 0.000832 0.927735 0.070306
 0.893440 0.035421 0.000832 0.070306
 0.001127 0.996914 0.000832 0.001127
 0.070311 0.000832 0.035421 0.893436
 0.070306 0.000832 0.858555 0.070306
 0.001127 0.000832 0.996914 0.001127
 0.104901 0.115549 0.743833 0.035717
 0.185024 0.000832 0.035421 0.778723

MOTIF 6-CAGCCAGCCAG STREME-6
letter-probability matrix: alength= 4 w= 11 nsites= 39 E= 1.4e+000
 0.001107 0.962996 0.034790 0.001107
 0.929313 0.034790 0.000817 0.035080
 0.001107 0.000817 0.929023 0.069053
 0.001107 0.962996 0.034790 0.001107
 0.001107 0.996969 0.000817 0.001107
 0.725466 0.000817 0.068768 0.204949
 0.039194 0.000817 0.958883 0.001107
 0.001107 0.895045 0.102741 0.001107
 0.001107 0.895041 0.000817 0.103035
 0.963286 0.000817 0.000817 0.035080
 0.001107 0.000817 0.924910 0.073167

MOTIF 7-VYGTSACRB STREME-7
letter-probability matrix: alength= 4 w= 9 nsites= 892 E= 3.8e+000
 0.263732 0.279779 0.456165 0.000325
 0.088862 0.506880 0.107710 0.296547
 0.000325 0.001526 0.997825 0.000325
 0.003707 0.000239 0.000239 0.995814
 0.000325 0.499675 0.499675 0.000325
 0.995814 0.000239 0.000239 0.003707
 0.000325 0.997825 0.001526 0.000325
 0.296547 0.107710 0.506880 0.088862
 0.000325 0.456165 0.279779 0.263732

MOTIF 8-GTCCCGCTTTGCAGA STREME-8
letter-probability matrix: alength= 4 w= 15 nsites= 30 E= 4.4e+000
 0.038079 0.037764 0.849202 0.074955
 0.001202 0.000887 0.000887 0.997025
 0.001202 0.886079 0.000887 0.111832
 0.001202 0.922956 0.000887 0.074955
 0.074955 0.849202 0.000887 0.074955
 0.001202 0.037764 0.886079 0.074955
 0.001202 0.775449 0.000887 0.222463
 0.111832 0.000887 0.000887 0.886394
 0.001202 0.000887 0.111517 0.886394
 0.111832 0.074641 0.000887 0.812640
 0.038079 0.037764 0.922956 0.001202
 0.074955 0.922956 0.000887 0.001202
 0.738887 0.037764 0.111517 0.111832
 0.001202 0.000887 0.922956 0.074955
 0.702010 0.111517 0.111517 0.074955

********************************************************************************
Stopped because 3 consecutive motifs exceeded the p-value threshold (0.05).
********************************************************************************
COMMAND:	streme --oc /users/asebe/aelek/proj/scATAC_nvec_v2/Nematostella_scATAC/results/Motifs/streme/muscle_vs_muscle//peaks_both/streme --dna --minw 6 --maxw 18 --p /users/asebe/aelek/proj/scATAC_nvec_v2/Nematostella_scATAC/results/Motifs/streme/muscle_vs_muscle//peaks_both.fasta --n /users/asebe/aelek/proj/scATAC_nvec_v2/Nematostella_scATAC/results/Motifs/streme/muscle_vs_muscle//peaks_both_bg.fasta
********************************************************************************
CPU:		genoa64-05
********************************************************************************
FINALTIME:	169.01 seconds
********************************************************************************
