********************************************************************************
STREME - Sensitive, Thorough, Rapid, Enriched Motif Elicitation
********************************************************************************
MEME version 5.5.7 (Release date: Wed Jun 19 13:59:04 2024 -0700)

For further information on how to interpret these results please access https://meme-suite.org/meme.
To get a copy of the MEME Suite software please access https://meme-suite.org.

********************************************************************************


********************************************************************************
REFERENCE
********************************************************************************
If you use this program in your research, please cite:

Timothy L. Bailey,
"STREME: accurate and versatile sequence motif discovery",
Bioinformatics, Mar. 24, 2021.
********************************************************************************


ALPHABET= ACGT

strands: + -

Background letter frequencies
A 0.289 C 0.211 G 0.211 T 0.289 

MOTIF 1-CACAGGRADCCCRM STREME-1
letter-probability matrix: alength= 4 w= 14 nsites= 833 E= 8.1e-006
 0.036299 0.931383 0.015978 0.016340
 0.989731 0.000026 0.006377 0.003866
 0.049669 0.941252 0.003022 0.006057
 0.992251 0.003857 0.003857 0.000036
 0.000036 0.009373 0.986725 0.003866
 0.040203 0.015477 0.944284 0.000036
 0.393720 0.180806 0.231718 0.193757
 0.688990 0.068226 0.078322 0.164462
 0.410718 0.084287 0.273540 0.231456
 0.124137 0.834893 0.000026 0.040943
 0.002226 0.972510 0.000026 0.025237
 0.013536 0.925110 0.014513 0.046841
 0.615728 0.021048 0.334374 0.028850
 0.445967 0.255739 0.152061 0.146234

MOTIF 2-VTTGCGTGAC STREME-2
letter-probability matrix: alength= 4 w= 10 nsites= 907 E= 3.9e-005
 0.405199 0.236383 0.226888 0.131529
 0.130220 0.092429 0.107872 0.669479
 0.141082 0.101548 0.058763 0.698606
 0.041092 0.162862 0.795965 0.000081
 0.000081 0.959954 0.000059 0.039906
 0.010803 0.000059 0.989058 0.000081
 0.021096 0.000059 0.000059 0.978786
 0.000081 0.012983 0.892276 0.094660
 0.981424 0.003543 0.014953 0.000081
 0.000081 0.983937 0.000059 0.015924

MOTIF 3-MARAGGTCAHR STREME-3
letter-probability matrix: alength= 4 w= 11 nsites= 307 E= 4.8e-005
 0.454264 0.241845 0.089503 0.214387
 0.674903 0.121051 0.029661 0.174385
 0.648526 0.000083 0.351277 0.000113
 0.999721 0.000083 0.000083 0.000113
 0.000113 0.000083 0.999690 0.000113
 0.000113 0.000083 0.999690 0.000113
 0.000113 0.000083 0.000083 0.999721
 0.000113 0.999690 0.000083 0.000113
 0.999721 0.000083 0.000083 0.000113
 0.385546 0.239706 0.123273 0.251475
 0.448745 0.162242 0.337462 0.051550

MOTIF 4-CCGCCATYTTGDWT STREME-4
letter-probability matrix: alength= 4 w= 14 nsites= 459 E= 5.5e-005
 0.048068 0.756096 0.067313 0.128524
 0.090096 0.861839 0.048009 0.000056
 0.003447 0.000041 0.988481 0.008031
 0.014815 0.976547 0.004680 0.003958
 0.000056 0.999848 0.000041 0.000056
 0.999863 0.000041 0.000041 0.000056
 0.000056 0.005972 0.000041 0.993932
 0.074938 0.407458 0.148800 0.368804
 0.000056 0.017835 0.000041 0.982069
 0.000056 0.005972 0.000041 0.993932
 0.045996 0.016543 0.760501 0.176959
 0.296829 0.070902 0.391035 0.241234
 0.479331 0.099592 0.135119 0.285957
 0.252428 0.087982 0.092165 0.567425

MOTIF 5-ATAACGACTGGG STREME-5
letter-probability matrix: alength= 4 w= 12 nsites= 32 E= 1.1e-002
 0.934998 0.000555 0.063689 0.000758
 0.000758 0.000555 0.000555 0.998133
 0.951979 0.046709 0.000555 0.000758
 0.998133 0.000555 0.000555 0.000758
 0.000758 0.997930 0.000555 0.000758
 0.000758 0.000555 0.934795 0.063892
 0.998133 0.000555 0.000555 0.000758
 0.000758 0.997930 0.000555 0.000758
 0.037462 0.000555 0.000555 0.961429
 0.031084 0.000555 0.930900 0.037462
 0.000758 0.000555 0.997930 0.000758
 0.000758 0.254975 0.743510 0.000758

MOTIF 6-TCGAAA STREME-6
letter-probability matrix: alength= 4 w= 6 nsites= 2210 E= 3.2e-002
 0.000748 0.000548 0.000548 0.998156
 0.000748 0.997955 0.000548 0.000748
 0.000748 0.000548 0.997955 0.000748
 0.855681 0.000548 0.088326 0.055445
 0.822491 0.000548 0.000548 0.176413
 0.706460 0.156634 0.000548 0.136359

MOTIF 7-CGTSACAT STREME-7
letter-probability matrix: alength= 4 w= 8 nsites= 796 E= 5.0e-002
 0.000452 0.998765 0.000331 0.000452
 0.000452 0.000331 0.998765 0.000452
 0.000452 0.038012 0.000331 0.961205
 0.069180 0.436631 0.493737 0.000452
 0.998886 0.000331 0.000331 0.000452
 0.000452 0.794077 0.035719 0.169752
 0.820711 0.000331 0.112470 0.066488
 0.000452 0.091751 0.100542 0.807255

MOTIF 8-CGAGWGGGGCYTGG STREME-8
letter-probability matrix: alength= 4 w= 14 nsites= 76 E= 5.5e-002
 0.021551 0.923800 0.054412 0.000238
 0.000238 0.000174 0.974049 0.025539
 0.914552 0.045267 0.039944 0.000238
 0.020029 0.000174 0.979560 0.000238
 0.579324 0.039944 0.053502 0.327231
 0.000238 0.000174 0.979560 0.020029
 0.162476 0.000174 0.817321 0.020029
 0.000238 0.000174 0.999351 0.000238
 0.212715 0.046796 0.663862 0.076627
 0.193433 0.780854 0.025476 0.000238
 0.000238 0.429454 0.000174 0.570135
 0.154276 0.000174 0.110745 0.734805
 0.000238 0.025476 0.974049 0.000238
 0.143271 0.000174 0.856318 0.000238

MOTIF 9-CCGAAA STREME-9
letter-probability matrix: alength= 4 w= 6 nsites= 1147 E= 1.4e-001
 0.001042 0.997153 0.000763 0.001042
 0.001042 0.997153 0.000763 0.001042
 0.001042 0.000763 0.997153 0.001042
 0.670707 0.000763 0.283323 0.045207
 0.725758 0.049667 0.019524 0.205051
 0.753711 0.031015 0.068874 0.146400

MOTIF 10-CKCGMG STREME-10
letter-probability matrix: alength= 4 w= 6 nsites= 2860 E= 4.6e-001
 0.094863 0.903696 0.000609 0.000832
 0.085770 0.015617 0.390415 0.508198
 0.084169 0.841148 0.000609 0.074075
 0.074075 0.000609 0.841148 0.084169
 0.508198 0.390415 0.015617 0.085770
 0.000832 0.000609 0.903696 0.094863

MOTIF 11-CTGTTATCT STREME-11
letter-probability matrix: alength= 4 w= 9 nsites= 259 E= 5.9e-001
 0.098819 0.776896 0.075373 0.048911
 0.011682 0.024951 0.014462 0.948904
 0.001479 0.003031 0.994983 0.000506
 0.016221 0.004376 0.003361 0.976042
 0.124394 0.138443 0.004460 0.732703
 0.945280 0.023201 0.031012 0.000506
 0.007916 0.012814 0.013493 0.965777
 0.016330 0.958930 0.024235 0.000506
 0.053352 0.037093 0.125191 0.784364

MOTIF 12-CGCGAAA STREME-12
letter-probability matrix: alength= 4 w= 7 nsites= 1815 E= 6.7e-001
 0.056495 0.879651 0.000369 0.063484
 0.142664 0.066817 0.688984 0.101536
 0.004736 0.939603 0.035488 0.020172
 0.000505 0.000369 0.961903 0.037223
 0.958753 0.025738 0.008146 0.007362
 0.813311 0.003477 0.067801 0.115411
 0.863723 0.039623 0.063651 0.033003

MOTIF 13-CGCATWCC STREME-13
letter-probability matrix: alength= 4 w= 8 nsites= 83 E= 7.6e-001
 0.001394 0.996191 0.001020 0.001394
 0.001394 0.001020 0.996191 0.001394
 0.001394 0.996191 0.001020 0.001394
 0.996565 0.001020 0.001020 0.001394
 0.001394 0.001020 0.057542 0.940043
 0.398052 0.001020 0.001020 0.599907
 0.001394 0.996191 0.001020 0.001394
 0.001394 0.996191 0.001020 0.001394

MOTIF 14-CTAGTTCC STREME-14
letter-probability matrix: alength= 4 w= 8 nsites= 53 E= 8.9e-001
 0.026245 0.928300 0.019209 0.026245
 0.026245 0.019209 0.019209 0.935336
 0.935336 0.019209 0.019209 0.026245
 0.026245 0.019209 0.928300 0.026245
 0.026245 0.019209 0.019209 0.935336
 0.026245 0.019209 0.019209 0.935336
 0.026245 0.928300 0.019209 0.026245
 0.026245 0.928300 0.019209 0.026245

MOTIF 15-GATGTCCACGCAACA STREME-15
letter-probability matrix: alength= 4 w= 15 nsites= 17 E= 9.4e-001
 0.026245 0.019209 0.928300 0.026245
 0.935336 0.019209 0.019209 0.026245
 0.026245 0.019209 0.019209 0.935336
 0.026245 0.019209 0.928300 0.026245
 0.026245 0.019209 0.019209 0.935336
 0.026245 0.928300 0.019209 0.026245
 0.026245 0.928300 0.019209 0.026245
 0.935336 0.019209 0.019209 0.026245
 0.026245 0.928300 0.019209 0.026245
 0.026245 0.019209 0.928300 0.026245
 0.026245 0.928300 0.019209 0.026245
 0.935336 0.019209 0.019209 0.026245
 0.935336 0.019209 0.019209 0.026245
 0.026245 0.928300 0.019209 0.026245
 0.935336 0.019209 0.019209 0.026245

MOTIF 16-AATCGC STREME-16
letter-probability matrix: alength= 4 w= 6 nsites= 1175 E= 9.4e-001
 0.935336 0.019209 0.019209 0.026245
 0.935336 0.019209 0.019209 0.026245
 0.026245 0.019209 0.019209 0.935336
 0.026245 0.928300 0.019209 0.026245
 0.026245 0.019209 0.928300 0.026245
 0.026245 0.928300 0.019209 0.026245

MOTIF 17-AGAAGGACCTW STREME-17
letter-probability matrix: alength= 4 w= 11 nsites= 17 E= 4.0e+000
 0.997874 0.000632 0.000632 0.000863
 0.000863 0.000632 0.997643 0.000863
 0.865733 0.000632 0.000632 0.133004
 0.752708 0.000632 0.000632 0.246029
 0.000863 0.000632 0.997643 0.000863
 0.000863 0.000632 0.997643 0.000863
 0.997874 0.000632 0.000632 0.000863
 0.000863 0.997643 0.000632 0.000863
 0.000863 0.997643 0.000632 0.000863
 0.000863 0.000632 0.000632 0.997874
 0.374992 0.072527 0.000632 0.551849

MOTIF 18-GGGTCAAG STREME-18
letter-probability matrix: alength= 4 w= 8 nsites= 633 E= 6.6e+000
 0.092958 0.032738 0.862389 0.011914
 0.038232 0.003320 0.957698 0.000750
 0.022310 0.013175 0.938194 0.026320
 0.120723 0.099562 0.028985 0.750730
 0.001567 0.941183 0.018119 0.039131
 0.650823 0.048966 0.150703 0.149508
 0.817822 0.109003 0.059027 0.014148
 0.025728 0.096922 0.828359 0.048991

MOTIF 19-AGTCCCAGGCGT STREME-19
letter-probability matrix: alength= 4 w= 12 nsites= 66 E= 1.9e+001
 0.828626 0.000210 0.078595 0.092569
 0.000287 0.000210 0.999216 0.000287
 0.054559 0.065219 0.000210 0.880012
 0.088653 0.841669 0.040429 0.029250
 0.009990 0.981192 0.000210 0.008607
 0.006585 0.836149 0.054685 0.102581
 0.865610 0.024119 0.000210 0.110061
 0.000287 0.044229 0.919576 0.035909
 0.107285 0.024119 0.868309 0.000287
 0.116481 0.775182 0.000210 0.108127
 0.051378 0.199109 0.749226 0.000287
 0.070920 0.059928 0.000210 0.868941

********************************************************************************
Stopped because 3 consecutive motifs exceeded the p-value threshold (0.05).
********************************************************************************
COMMAND:	streme --oc /users/asebe/aelek/proj/scATAC_nvec_v2/Nematostella_scATAC/results/Motifs/streme/muscle//peaks_both/streme --dna --minw 6 --maxw 18 --p /users/asebe/aelek/proj/scATAC_nvec_v2/Nematostella_scATAC/results/Motifs/streme/muscle//peaks_both.fasta --n /users/asebe/aelek/proj/scATAC_nvec_v2/Nematostella_scATAC/results/Motifs/streme/muscle//peaks_both_bg.fasta
********************************************************************************
CPU:		genoa64-03
********************************************************************************
FINALTIME:	5246.20 seconds
********************************************************************************
