********************************************************************************
STREME - Sensitive, Thorough, Rapid, Enriched Motif Elicitation
********************************************************************************
MEME version 5.5.7 (Release date: Wed Jun 19 13:59:04 2024 -0700)

For further information on how to interpret these results please access https://meme-suite.org/meme.
To get a copy of the MEME Suite software please access https://meme-suite.org.

********************************************************************************


********************************************************************************
REFERENCE
********************************************************************************
If you use this program in your research, please cite:

Timothy L. Bailey,
"STREME: accurate and versatile sequence motif discovery",
Bioinformatics, Mar. 24, 2021.
********************************************************************************


ALPHABET= ACGT

strands: + -

Background letter frequencies
A 0.287 C 0.213 G 0.213 T 0.287 

MOTIF 1-CACAGCAGG STREME-1
letter-probability matrix: alength= 4 w= 9 nsites= 1475 E= 1.4e-010
 0.162868 0.768844 0.042191 0.026097
 0.466853 0.220419 0.151710 0.161017
 0.000704 0.921623 0.001597 0.076077
 0.710222 0.135382 0.092963 0.061434
 0.001056 0.037111 0.961773 0.000061
 0.002257 0.879776 0.004111 0.113856
 0.642704 0.009259 0.252329 0.095707
 0.007155 0.086054 0.701215 0.205576
 0.003618 0.018637 0.937097 0.040647

MOTIF 2-AACAAWRG STREME-2
letter-probability matrix: alength= 4 w= 8 nsites= 1522 E= 5.9e-005
 0.864754 0.064649 0.037572 0.033025
 0.993977 0.003043 0.000139 0.002841
 0.000188 0.923181 0.067622 0.009009
 0.932151 0.064944 0.001045 0.001859
 0.965593 0.004369 0.024303 0.005735
 0.345362 0.025912 0.003299 0.625427
 0.385636 0.015643 0.598533 0.000188
 0.121940 0.108733 0.749001 0.020326

MOTIF 3-TACAATA STREME-3
letter-probability matrix: alength= 4 w= 7 nsites= 321 E= 2.4e-002
 0.026118 0.019336 0.019336 0.935209
 0.935209 0.019336 0.019336 0.026118
 0.026118 0.928427 0.019336 0.026118
 0.935209 0.019336 0.019336 0.026118
 0.935209 0.019336 0.019336 0.026118
 0.026118 0.019336 0.019336 0.935209
 0.935209 0.019336 0.019336 0.026118

MOTIF 4-AAACAAAA STREME-4
letter-probability matrix: alength= 4 w= 8 nsites= 1332 E= 2.9e-002
 0.907601 0.039161 0.048191 0.005046
 0.787223 0.057715 0.137859 0.017203
 0.978753 0.008449 0.009081 0.003718
 0.000802 0.997802 0.000594 0.000802
 0.878984 0.079612 0.021277 0.020127
 0.839165 0.029254 0.013540 0.118041
 0.843219 0.081305 0.003764 0.071712
 0.847114 0.017799 0.046040 0.089047

MOTIF 5-CCCACGC STREME-5
letter-probability matrix: alength= 4 w= 7 nsites= 320 E= 9.4e-002
 0.001713 0.995305 0.001268 0.001713
 0.001713 0.995305 0.001268 0.001713
 0.001713 0.995305 0.001268 0.001713
 0.995750 0.001268 0.001268 0.001713
 0.001713 0.878942 0.001268 0.118076
 0.001713 0.001268 0.995305 0.001713
 0.001713 0.744816 0.251757 0.001713

MOTIF 6-AAAGAA STREME-6
letter-probability matrix: alength= 4 w= 6 nsites= 3996 E= 1.6e-001
 0.918210 0.002827 0.044324 0.034639
 0.805712 0.042077 0.091383 0.060828
 0.822388 0.032878 0.034111 0.110622
 0.003012 0.002230 0.991747 0.003012
 0.926827 0.011918 0.014789 0.046466
 0.942257 0.036367 0.018322 0.003054

MOTIF 7-ATTTGMATWHHWWW STREME-7
letter-probability matrix: alength= 4 w= 14 nsites= 1256 E= 2.9e-001
 0.688951 0.040032 0.077221 0.193796
 0.000026 0.000019 0.000019 0.999936
 0.065009 0.092868 0.011610 0.830514
 0.305532 0.000911 0.000019 0.693538
 0.093032 0.000019 0.906923 0.000026
 0.369493 0.630462 0.000019 0.000026
 0.999936 0.000019 0.000019 0.000026
 0.000026 0.026327 0.000019 0.973628
 0.534233 0.063391 0.128263 0.274114
 0.389576 0.227192 0.097123 0.286110
 0.351068 0.182871 0.139283 0.326778
 0.320158 0.168635 0.126932 0.384276
 0.325552 0.140637 0.166192 0.367619
 0.437398 0.151523 0.142823 0.268256

MOTIF 8-CAGGGGG STREME-8
letter-probability matrix: alength= 4 w= 7 nsites= 684 E= 3.3e-001
 0.000519 0.948302 0.000384 0.050794
 0.924197 0.056266 0.012217 0.007320
 0.000519 0.034751 0.911281 0.053449
 0.039145 0.057548 0.801782 0.101525
 0.044414 0.010457 0.802540 0.142589
 0.090773 0.000384 0.862413 0.046430
 0.031563 0.000384 0.924906 0.043147

MOTIF 9-ATGAATATT STREME-9
letter-probability matrix: alength= 4 w= 9 nsites= 1295 E= 3.5e-001
 0.848269 0.051115 0.051134 0.049482
 0.069538 0.049976 0.085194 0.795292
 0.011564 0.037339 0.896312 0.054784
 0.797650 0.077466 0.065167 0.059717
 0.759037 0.083241 0.064224 0.093498
 0.034809 0.055898 0.059509 0.849784
 0.802944 0.072115 0.069793 0.055148
 0.169945 0.067040 0.062036 0.700979
 0.067107 0.046344 0.079574 0.806975

MOTIF 10-ACACAAAGAA STREME-10
letter-probability matrix: alength= 4 w= 10 nsites= 164 E= 5.3e-001
 0.909248 0.057901 0.028554 0.004297
 0.000604 0.858836 0.083128 0.057432
 0.974320 0.001888 0.013230 0.010561
 0.054290 0.931225 0.001888 0.012596
 0.976765 0.010060 0.010405 0.002770
 0.919424 0.033239 0.025920 0.021417
 0.931192 0.000447 0.007621 0.060740
 0.000604 0.038601 0.947503 0.013292
 0.814561 0.013962 0.060583 0.110894
 0.905648 0.054700 0.009739 0.029913

MOTIF 11-TWAATTWA STREME-11
letter-probability matrix: alength= 4 w= 8 nsites= 991 E= 6.7e-001
 0.071617 0.081081 0.074874 0.772429
 0.340239 0.009502 0.016678 0.633581
 0.919488 0.038223 0.018287 0.024002
 0.925832 0.035400 0.021972 0.016796
 0.016796 0.021972 0.035400 0.925832
 0.024002 0.018287 0.038223 0.919488
 0.633581 0.016678 0.009502 0.340239
 0.772429 0.074874 0.081081 0.071617

MOTIF 12-CCCRCMGC STREME-12
letter-probability matrix: alength= 4 w= 8 nsites= 729 E= 5.9e+000
 0.151655 0.847780 0.000241 0.000325
 0.000325 0.908213 0.000241 0.091222
 0.000325 0.869145 0.045913 0.084617
 0.478464 0.000241 0.394148 0.127148
 0.000325 0.902693 0.000241 0.096741
 0.601051 0.398384 0.000241 0.000325
 0.000325 0.000241 0.999110 0.000325
 0.152480 0.562106 0.135040 0.150375

MOTIF 13-AACTCCTATGTAG STREME-13
letter-probability matrix: alength= 4 w= 13 nsites= 49 E= 1.4e+001
 0.901589 0.097431 0.000417 0.000563
 0.794732 0.058625 0.049066 0.097577
 0.039369 0.843235 0.058625 0.058771
 0.058771 0.000417 0.019820 0.920992
 0.039369 0.940248 0.000417 0.019966
 0.000563 0.940248 0.039222 0.019966
 0.019966 0.019820 0.019820 0.940395
 0.689505 0.078028 0.000417 0.232050
 0.175188 0.087872 0.175041 0.561899
 0.097577 0.058625 0.688010 0.155788
 0.000563 0.029664 0.097431 0.872342
 0.804573 0.155642 0.019820 0.019966
 0.049213 0.194447 0.755777 0.000563

MOTIF 14-CCCGCACAATACCGA STREME-14
letter-probability matrix: alength= 4 w= 15 nsites= 20 E= 1.4e+001
 0.001444 0.896548 0.100564 0.001444
 0.100939 0.797052 0.001069 0.100939
 0.051192 0.697557 0.100564 0.150687
 0.051192 0.001069 0.846800 0.100939
 0.001444 0.896548 0.100564 0.001444
 0.996418 0.001069 0.001069 0.001444
 0.001444 0.996043 0.001069 0.001444
 0.896923 0.050817 0.001069 0.051192
 0.598437 0.249807 0.001069 0.150687
 0.001444 0.050817 0.100564 0.847175
 0.996418 0.001069 0.001069 0.001444
 0.001444 0.946295 0.001069 0.051192
 0.100939 0.797052 0.050817 0.051192
 0.001444 0.150312 0.846800 0.001444
 0.648185 0.100564 0.100564 0.150687

********************************************************************************
Stopped because 3 consecutive motifs exceeded the p-value threshold (0.05).
********************************************************************************
COMMAND:	streme --oc /users/asebe/aelek/proj/scATAC_nvec_v2/Nematostella_scATAC/results/Motifs/streme/muscle_vs_muscle//peaks_muscle_TR/streme --dna --minw 6 --maxw 18 --p /users/asebe/aelek/proj/scATAC_nvec_v2/Nematostella_scATAC/results/Motifs/streme/muscle_vs_muscle//peaks_muscle_TR.fasta --n /users/asebe/aelek/proj/scATAC_nvec_v2/Nematostella_scATAC/results/Motifs/streme/muscle_vs_muscle//peaks_muscle_TR_bg.fasta
********************************************************************************
CPU:		genoa64-05
********************************************************************************
FINALTIME:	254.63 seconds
********************************************************************************
