********************************************************************************
STREME - Sensitive, Thorough, Rapid, Enriched Motif Elicitation
********************************************************************************
MEME version 5.5.7 (Release date: Wed Jun 19 13:59:04 2024 -0700)

For further information on how to interpret these results please access https://meme-suite.org/meme.
To get a copy of the MEME Suite software please access https://meme-suite.org.

********************************************************************************


********************************************************************************
REFERENCE
********************************************************************************
If you use this program in your research, please cite:

Timothy L. Bailey,
"STREME: accurate and versatile sequence motif discovery",
Bioinformatics, Mar. 24, 2021.
********************************************************************************


ALPHABET= ACGT

strands: + -

Background letter frequencies
A 0.289 C 0.211 G 0.211 T 0.289 

MOTIF 1-AGCGTGAC STREME-1
letter-probability matrix: alength= 4 w= 8 nsites= 222 E= 3.7e-002
 0.600070 0.000280 0.144738 0.254913
 0.032495 0.195462 0.624686 0.147357
 0.000382 0.998956 0.000280 0.000382
 0.000382 0.000280 0.998956 0.000382
 0.125289 0.000280 0.000280 0.874152
 0.000382 0.000280 0.998956 0.000382
 0.999058 0.000280 0.000280 0.000382
 0.162316 0.611916 0.176498 0.049269

MOTIF 2-WWGGAATGY STREME-2
letter-probability matrix: alength= 4 w= 9 nsites= 66 E= 1.9e-001
 0.572928 0.000430 0.000430 0.426212
 0.362514 0.152580 0.000430 0.484476
 0.000587 0.000430 0.998397 0.000587
 0.000587 0.000430 0.998397 0.000587
 0.998554 0.000430 0.000430 0.000587
 0.998554 0.000430 0.000430 0.000587
 0.000587 0.000430 0.000430 0.998554
 0.000587 0.000430 0.998397 0.000587
 0.018473 0.486613 0.000430 0.494484

MOTIF 3-TGCGTGACAKKSBW STREME-3
letter-probability matrix: alength= 4 w= 14 nsites= 50 E= 4.4e-001
 0.089985 0.104264 0.022560 0.783191
 0.107454 0.041868 0.850545 0.000132
 0.040065 0.959706 0.000097 0.000132
 0.000132 0.000097 0.999639 0.000132
 0.000132 0.000097 0.000097 0.999674
 0.022595 0.000097 0.977176 0.000132
 0.999674 0.000097 0.000097 0.000132
 0.000132 0.999639 0.000097 0.000132
 0.701867 0.184970 0.057499 0.055663
 0.048927 0.129882 0.514646 0.306545
 0.177407 0.022560 0.319645 0.480389
 0.000132 0.371291 0.563452 0.065125
 0.119170 0.252803 0.215280 0.412746
 0.446754 0.084956 0.147352 0.320938

MOTIF 4-AAGGTCAA STREME-4
letter-probability matrix: alength= 4 w= 8 nsites= 202 E= 1.1e+000
 0.800562 0.042572 0.112265 0.044601
 0.947230 0.013624 0.035890 0.003255
 0.000429 0.000315 0.998827 0.000429
 0.000429 0.000315 0.998827 0.000429
 0.000429 0.042279 0.000315 0.956977
 0.000429 0.907371 0.000315 0.091885
 0.897665 0.005198 0.054055 0.043082
 0.656797 0.173757 0.056242 0.113204

MOTIF 5-CGATTACACWACC STREME-5
letter-probability matrix: alength= 4 w= 13 nsites= 20 E= 9.0e+000
 0.000315 0.899567 0.000231 0.099888
 0.000315 0.000231 0.838499 0.160955
 0.953198 0.000231 0.000231 0.046341
 0.107409 0.000231 0.000231 0.892130
 0.153435 0.133927 0.000231 0.712408
 0.999224 0.000231 0.000231 0.000315
 0.000315 0.999140 0.000231 0.000315
 0.850487 0.148968 0.000231 0.000315
 0.000315 0.804376 0.194994 0.000315
 0.233624 0.199377 0.153351 0.413648
 0.861105 0.046257 0.000231 0.092407
 0.000315 0.700380 0.206897 0.092407
 0.053862 0.792473 0.053777 0.099888

MOTIF 6-GATTGAGTCTTAYAMW STREME-6
letter-probability matrix: alength= 4 w= 16 nsites= 6 E= 9.0e+000
 0.001171 0.000858 0.797612 0.200360
 0.797925 0.200046 0.000858 0.001171
 0.001171 0.000858 0.000858 0.997113
 0.001171 0.000858 0.000858 0.997113
 0.001171 0.000858 0.996800 0.001171
 0.997113 0.000858 0.000858 0.001171
 0.001171 0.000858 0.996800 0.001171
 0.001171 0.000858 0.000858 0.997113
 0.001171 0.797612 0.200046 0.001171
 0.200360 0.000858 0.000858 0.797925
 0.001171 0.000858 0.000858 0.997113
 0.997113 0.000858 0.000858 0.001171
 0.001171 0.598423 0.000858 0.399548
 0.598736 0.200046 0.000858 0.200360
 0.598736 0.399235 0.000858 0.001171
 0.598736 0.000858 0.000858 0.399548

MOTIF 7-AAGCATAATTTGCCCGH STREME-7
letter-probability matrix: alength= 4 w= 17 nsites= 5 E= 9.0e+000
 0.797925 0.000858 0.200046 0.001171
 0.997113 0.000858 0.000858 0.001171
 0.001171 0.000858 0.996800 0.001171
 0.001171 0.996800 0.000858 0.001171
 0.997113 0.000858 0.000858 0.001171
 0.200360 0.000858 0.000858 0.797925
 0.997113 0.000858 0.000858 0.001171
 0.997113 0.000858 0.000858 0.001171
 0.001171 0.000858 0.000858 0.997113
 0.001171 0.000858 0.000858 0.997113
 0.001171 0.000858 0.000858 0.997113
 0.001171 0.200046 0.598423 0.200360
 0.001171 0.996800 0.000858 0.001171
 0.200360 0.797612 0.000858 0.001171
 0.200360 0.598423 0.000858 0.200360
 0.200360 0.000858 0.797612 0.001171
 0.399548 0.399235 0.000858 0.200360

MOTIF 8-CAGTGGATGAG STREME-8
letter-probability matrix: alength= 4 w= 11 nsites= 9 E= 9.0e+000
 0.001043 0.997151 0.000764 0.001043
 0.884163 0.114030 0.000764 0.001043
 0.001043 0.000764 0.997151 0.001043
 0.001043 0.000764 0.000764 0.997430
 0.153462 0.000764 0.844732 0.001043
 0.001043 0.000764 0.997151 0.001043
 0.889599 0.000764 0.000764 0.108874
 0.001043 0.000764 0.205846 0.792348
 0.001043 0.000764 0.997151 0.001043
 0.997430 0.000764 0.000764 0.001043
 0.001043 0.000764 0.797926 0.200267

MOTIF 9-ATCACGCCAGCTATAGTM STREME-9
letter-probability matrix: alength= 4 w= 18 nsites= 5 E= 9.0e+000
 0.997113 0.000858 0.000858 0.001171
 0.001171 0.000858 0.200046 0.797925
 0.001171 0.996800 0.000858 0.001171
 0.598736 0.200046 0.200046 0.001171
 0.200360 0.797612 0.000858 0.001171
 0.001171 0.000858 0.996800 0.001171
 0.001171 0.996800 0.000858 0.001171
 0.001171 0.996800 0.000858 0.001171
 0.598736 0.000858 0.200046 0.200360
 0.001171 0.000858 0.797612 0.200360
 0.001171 0.797612 0.200046 0.001171
 0.200360 0.000858 0.000858 0.797925
 0.598736 0.200046 0.000858 0.200360
 0.001171 0.000858 0.200046 0.797925
 0.598736 0.000858 0.200046 0.200360
 0.001171 0.000858 0.996800 0.001171
 0.001171 0.000858 0.000858 0.997113
 0.399548 0.598423 0.000858 0.001171

********************************************************************************
Stopped because maximum number of motifs (9) reached.
********************************************************************************
COMMAND:	streme --oc /users/asebe/aelek/proj/scATAC_nvec_v2/Nematostella_scATAC/results/Motifs/streme/muscle_novl//peaks_muscle_tentacle_retractor_epidermis/streme --dna --minw 6 --maxw 18 --nmotifs 9 --p /users/asebe/aelek/proj/scATAC_nvec_v2/Nematostella_scATAC/results/Motifs/streme/muscle_novl//peaks_muscle_tentacle_retractor_epidermis.fasta --n /users/asebe/aelek/proj/scATAC_nvec_v2/Nematostella_scATAC/results/Motifs/streme/muscle_novl//peaks_muscle_tentacle_retractor_epidermis_bg.fasta
********************************************************************************
CPU:		genoa64-02
********************************************************************************
FINALTIME:	2629.75 seconds
********************************************************************************
