********************************************************************************
STREME - Sensitive, Thorough, Rapid, Enriched Motif Elicitation
********************************************************************************
MEME version 5.5.7 (Release date: Wed Jun 19 13:59:04 2024 -0700)

For further information on how to interpret these results please access https://meme-suite.org/meme.
To get a copy of the MEME Suite software please access https://meme-suite.org.

********************************************************************************


********************************************************************************
REFERENCE
********************************************************************************
If you use this program in your research, please cite:

Timothy L. Bailey,
"STREME: accurate and versatile sequence motif discovery",
Bioinformatics, Mar. 24, 2021.
********************************************************************************


ALPHABET= ACGT

strands: + -

Background letter frequencies
A 0.288 C 0.211 G 0.211 T 0.288 

MOTIF 1-ACCACAGGNADCCCRMNH STREME-1
letter-probability matrix: alength= 4 w= 18 nsites= 2092 E= 6.5e-012
 0.582290 0.077023 0.161299 0.179388
 0.266892 0.595717 0.100685 0.036707
 0.037957 0.945962 0.007954 0.008127
 0.988730 0.001881 0.004381 0.005008
 0.024598 0.967263 0.000631 0.007508
 0.998730 0.000631 0.000631 0.000008
 0.004383 0.001256 0.988324 0.006037
 0.029938 0.053498 0.907806 0.008758
 0.329926 0.171330 0.265002 0.233742
 0.685432 0.061728 0.076156 0.176685
 0.318271 0.067871 0.313185 0.300673
 0.165574 0.787701 0.003756 0.042969
 0.008060 0.947897 0.013860 0.030183
 0.043014 0.879319 0.019381 0.058286
 0.608351 0.027056 0.327768 0.036825
 0.441290 0.234680 0.136220 0.187809
 0.334665 0.169832 0.275333 0.220170
 0.330623 0.296853 0.151684 0.220839

MOTIF 2-RKCCGCCATYTTGDWWW STREME-2
letter-probability matrix: alength= 4 w= 17 nsites= 1285 E= 3.3e-010
 0.265941 0.152777 0.439572 0.141711
 0.096341 0.068563 0.544781 0.290315
 0.098839 0.723291 0.042388 0.135482
 0.078478 0.844035 0.051745 0.025742
 0.021246 0.000010 0.971913 0.006830
 0.008085 0.982427 0.002960 0.006527
 0.003271 0.992363 0.000010 0.004356
 0.998880 0.000010 0.000010 0.001099
 0.000014 0.002181 0.002181 0.995623
 0.100995 0.326106 0.179058 0.393841
 0.030927 0.010866 0.016484 0.941723
 0.000014 0.038781 0.001096 0.960110
 0.062057 0.033615 0.683653 0.220676
 0.308215 0.081778 0.372379 0.237628
 0.461892 0.112538 0.117586 0.307984
 0.278776 0.115044 0.090149 0.516031
 0.245974 0.189511 0.165145 0.399370

MOTIF 3-CACAGCGGG STREME-3
letter-probability matrix: alength= 4 w= 9 nsites= 479 E= 9.4e-004
 0.097683 0.847973 0.042255 0.012090
 0.855359 0.016791 0.016202 0.111648
 0.067938 0.889706 0.010595 0.031761
 0.920284 0.008423 0.061505 0.009787
 0.020643 0.010929 0.959422 0.009006
 0.041119 0.857894 0.069976 0.031011
 0.048947 0.002733 0.890912 0.057408
 0.007614 0.000591 0.886175 0.105621
 0.001995 0.005277 0.962404 0.030323

MOTIF 4-ATTTGCATAW STREME-4
letter-probability matrix: alength= 4 w= 10 nsites= 773 E= 1.6e-003
 0.650418 0.054901 0.127402 0.167279
 0.000195 0.000143 0.000143 0.999520
 0.000195 0.180999 0.000143 0.818663
 0.253379 0.061517 0.000143 0.684962
 0.112431 0.000143 0.887231 0.000195
 0.107409 0.892253 0.000143 0.000195
 0.999520 0.000143 0.000143 0.000195
 0.000195 0.000143 0.000143 0.999520
 0.999520 0.000143 0.000143 0.000195
 0.462392 0.183600 0.026400 0.327609

MOTIF 5-TGTCACGCAABVHNH STREME-5
letter-probability matrix: alength= 4 w= 15 nsites= 1018 E= 5.0e-003
 0.163461 0.214307 0.161456 0.460776
 0.000015 0.000011 0.999960 0.000015
 0.000015 0.000011 0.000011 0.999964
 0.129026 0.869803 0.000011 0.001161
 0.999964 0.000011 0.000011 0.000015
 0.000015 0.999960 0.000011 0.000015
 0.099908 0.000011 0.900067 0.000015
 0.000015 0.942738 0.019500 0.037747
 0.699134 0.084784 0.064582 0.151501
 0.709756 0.110070 0.034232 0.145943
 0.094020 0.285293 0.255913 0.364774
 0.352257 0.262808 0.230798 0.154136
 0.228470 0.360518 0.171786 0.239227
 0.256132 0.214041 0.198684 0.331144
 0.258750 0.321928 0.160787 0.258535

MOTIF 6-CGCGAAA STREME-6
letter-probability matrix: alength= 4 w= 7 nsites= 3226 E= 7.5e-003
 0.000311 0.885042 0.114336 0.000311
 0.098623 0.000228 0.827744 0.073406
 0.000311 0.867710 0.131668 0.000311
 0.000311 0.099270 0.900108 0.000311
 0.971979 0.000228 0.027482 0.000311
 0.908667 0.000228 0.056406 0.034699
 0.930717 0.000228 0.068744 0.000311

MOTIF 7-MAAAKCGA STREME-7
letter-probability matrix: alength= 4 w= 8 nsites= 2096 E= 2.5e-002
 0.554039 0.326110 0.000217 0.119634
 0.649083 0.089804 0.086914 0.174199
 0.954133 0.000217 0.021451 0.024199
 0.964130 0.000217 0.000217 0.035437
 0.000295 0.215287 0.521403 0.263015
 0.000295 0.999193 0.000217 0.000295
 0.000295 0.000217 0.999193 0.000295
 0.999272 0.000217 0.000217 0.000295

MOTIF 8-AGMCTAGTCCCM STREME-8
letter-probability matrix: alength= 4 w= 12 nsites= 189 E= 2.0e-001
 0.999576 0.000126 0.000126 0.000172
 0.000172 0.164233 0.835423 0.000172
 0.415332 0.528690 0.000126 0.055852
 0.000172 0.989856 0.009800 0.000172
 0.000172 0.000126 0.019774 0.979928
 0.732114 0.267588 0.000126 0.000172
 0.000172 0.000126 0.999530 0.000172
 0.073146 0.000126 0.108054 0.818675
 0.205594 0.565856 0.000126 0.228424
 0.000172 0.966698 0.032958 0.000172
 0.052858 0.750786 0.000126 0.196231
 0.425186 0.416318 0.000126 0.158370

MOTIF 9-AAATAATTCG STREME-9
letter-probability matrix: alength= 4 w= 10 nsites= 987 E= 1.1e+000
 0.772243 0.000114 0.112328 0.115315
 0.825348 0.071638 0.000114 0.102900
 0.800277 0.061437 0.002168 0.136118
 0.000156 0.020029 0.020979 0.958837
 0.850972 0.000114 0.000114 0.148799
 0.822240 0.072351 0.105253 0.000156
 0.016960 0.093613 0.127934 0.761493
 0.067653 0.001079 0.000114 0.931153
 0.096813 0.881827 0.021203 0.000156
 0.156231 0.140551 0.678689 0.024528

********************************************************************************
Stopped because maximum number of motifs (9) reached.
********************************************************************************
COMMAND:	streme --oc /users/asebe/aelek/proj/scATAC_nvec_v2/Nematostella_scATAC/results/Motifs/streme/muscle_ovl//peaks_muscle_tentacle_retractor_neuro/streme --dna --minw 6 --maxw 18 --nmotifs 9 --p /users/asebe/aelek/proj/scATAC_nvec_v2/Nematostella_scATAC/results/Motifs/streme/muscle_ovl//peaks_muscle_tentacle_retractor_neuro.fasta --n /users/asebe/aelek/proj/scATAC_nvec_v2/Nematostella_scATAC/results/Motifs/streme/muscle_ovl//peaks_muscle_tentacle_retractor_neuro_bg.fasta
********************************************************************************
CPU:		genoa64-04
********************************************************************************
FINALTIME:	2804.28 seconds
********************************************************************************
